Date,Time,Open,High,Low,Close,Volume,OpenInt
2016-02-16,01:35:00,15.32,15.33,15.32,15.33,0,0
2016-02-16,01:40:00,15.34,15.34,15.33,15.33,0,0
2016-02-16,01:45:00,15.34,15.34,15.33,15.331,0,0
2016-02-16,01:50:00,15.331,15.35,15.33,15.34,0,0
2016-02-16,01:55:00,15.34,15.364,15.339,15.36,0,0
2016-02-16,02:00:00,15.361,15.363,15.355,15.355,0,0
2016-02-16,02:05:00,15.355,15.37,15.34,15.34,0,0
2016-02-16,02:10:00,15.35,15.35,15.34,15.35,0,0
2016-02-16,02:15:00,15.345,15.354,15.343,15.35,0,0
2016-02-16,02:20:00,15.34,15.344,15.33,15.34,0,0
2016-02-16,02:25:00,15.33,15.344,15.33,15.34,0,0
2016-02-16,02:30:00,15.34,15.344,15.339,15.34,0,0
2016-02-16,02:35:00,15.342,15.35,15.33,15.34,0,0
2016-02-16,02:40:00,15.34,15.34,15.31,15.32,0,0
2016-02-16,02:45:00,15.32,15.32,15.3,15.3,0,0
2016-02-16,02:50:00,15.31,15.31,15.3,15.3,0,0
2016-02-16,02:55:00,15.297,15.3,15.28,15.28,0,0
2016-02-16,03:00:00,15.291,15.303,15.29,15.3,0,0
2016-02-16,03:05:00,15.3,15.31,15.29,15.3,0,0
2016-02-16,03:10:00,15.3,15.3,15.28,15.28,0,0
2016-02-16,03:15:00,15.29,15.29,15.28,15.288,0,0
2016-02-16,03:20:00,15.28,15.29,15.275,15.29,0,0
2016-02-16,03:25:00,15.29,15.29,15.28,15.28,0,0
2016-02-16,03:30:00,15.282,15.283,15.27,15.28,0,0
2016-02-16,03:35:00,15.28,15.28,15.23,15.23,0,0
2016-02-16,03:40:00,15.23,15.23,15.2,15.22,0,0
2016-02-16,03:45:00,15.22,15.22,15.2,15.2,0,0
2016-02-16,03:50:00,15.21,15.231,15.2,15.22,0,0
2016-02-16,03:55:00,15.221,15.23,15.22,15.22,0,0
2016-02-16,04:00:00,15.22,15.24,15.22,15.23,0,0
2016-02-16,04:05:00,15.22,15.22,15.21,15.21,0,0
2016-02-16,04:10:00,15.22,15.22,15.208,15.21,0,0
2016-02-16,04:15:00,15.21,15.21,15.193,15.2,0,0
2016-02-16,04:20:00,15.199,15.201,15.19,15.19,0,0
2016-02-16,04:25:00,15.19,15.19,15.173,15.18,0,0
2016-02-16,04:30:00,15.181,15.181,15.16,15.16,0,0
2016-02-16,04:35:00,15.16,15.16,15.15,15.16,0,0
2016-02-16,04:40:00,15.162,15.162,15.15,15.16,0,0
2016-02-16,04:45:00,15.16,15.16,15.15,15.15,0,0
2016-02-16,04:50:00,15.149,15.16,15.149,15.15,0,0
2016-02-16,04:55:00,15.16,15.183,15.15,15.18,0,0
2016-02-16,05:00:00,15.18,15.18,15.17,15.17,0,0
2016-02-16,05:05:00,15.16,15.18,15.15,15.18,0,0
2016-02-16,05:10:00,15.18,15.18,15.15,15.18,0,0
2016-02-16,05:15:00,15.18,15.2,15.178,15.186,0,0
2016-02-16,05:20:00,15.185,15.19,15.16,15.17,0,0
2016-02-16,05:25:00,15.171,15.18,15.16,15.17,0,0
2016-02-16,05:30:00,15.17,15.181,15.17,15.18,0,0
2016-02-16,05:35:00,15.18,15.18,15.17,15.18,0,0
2016-02-16,05:40:00,15.18,15.18,15.17,15.18,0,0
2016-02-16,05:45:00,15.18,15.19,15.18,15.19,0,0
2016-02-16,05:50:00,15.19,15.19,15.179,15.184,0,0
2016-02-16,05:55:00,15.184,15.185,15.17,15.17,0,0
2016-02-16,06:00:00,15.176,15.18,15.17,15.17,0,0
2016-02-16,06:05:00,15.18,15.18,15.17,15.17,0,0
2016-02-16,06:10:00,15.175,15.18,15.17,15.17,0,0
2016-02-16,06:15:00,15.17,15.18,15.17,15.18,0,0
2016-02-16,06:20:00,15.179,15.182,15.179,15.182,0,0
2016-02-16,06:25:00,15.182,15.185,15.16,15.185,0,0
2016-02-16,06:30:00,15.18,15.18,15.17,15.17,0,0
2016-02-16,06:35:00,15.163,15.203,15.163,15.2,0,0
2016-02-16,06:40:00,15.2,15.21,15.193,15.21,0,0
2016-02-16,06:45:00,15.211,15.211,15.2,15.21,0,0
2016-02-16,06:50:00,15.21,15.21,15.2,15.21,0,0
2016-02-16,06:55:00,15.21,15.22,15.21,15.22,0,0
2016-02-16,07:00:00,15.22,15.22,15.18,15.19,0,0
2016-02-16,07:05:00,15.19,15.191,15.187,15.19,0,0
2016-02-16,07:10:00,15.19,15.193,15.189,15.191,0,0
2016-02-16,07:15:00,15.19,15.191,15.18,15.19,0,0
2016-02-16,07:20:00,15.19,15.195,15.18,15.19,0,0
2016-02-16,07:25:00,15.19,15.19,15.188,15.19,0,0
2016-02-16,07:30:00,15.2,15.21,15.19,15.19,0,0
2016-02-16,07:35:00,15.191,15.195,15.175,15.19,0,0
2016-02-16,07:40:00,15.19,15.21,15.19,15.203,0,0
2016-02-16,07:45:00,15.204,15.22,15.204,15.21,0,0
2016-02-16,07:50:00,15.22,15.23,15.22,15.23,0,0
2016-02-16,07:55:00,15.234,15.24,15.225,15.24,0,0
2016-02-16,08:00:00,15.239,15.25,15.239,15.24,0,0
2016-02-16,08:05:00,15.24,15.24,15.22,15.23,0,0
2016-02-16,08:10:00,15.234,15.25,15.23,15.24,0,0
2016-02-16,08:15:00,15.24,15.275,15.24,15.26,0,0
2016-02-16,08:20:00,15.26,15.27,15.26,15.27,0,0
2016-02-16,08:25:00,15.27,15.271,15.24,15.25,0,0
2016-02-16,08:30:00,15.24,15.26,15.24,15.25,0,0
2016-02-16,08:35:00,15.245,15.26,15.245,15.26,0,0
2016-02-16,08:40:00,15.262,15.285,15.26,15.285,0,0
2016-02-16,08:45:00,15.273,15.29,15.27,15.28,0,0
2016-02-16,08:50:00,15.28,15.28,15.25,15.26,0,0
2016-02-16,08:55:00,15.25,15.255,15.23,15.25,0,0
2016-02-16,09:00:00,15.251,15.26,15.23,15.23,0,0
2016-02-16,09:05:00,15.24,15.25,15.23,15.25,0,0
2016-02-16,09:10:00,15.25,15.27,15.25,15.26,0,0
2016-02-16,09:15:00,15.26,15.28,15.26,15.28,0,0
2016-02-16,09:20:00,15.28,15.28,15.26,15.27,0,0
2016-02-16,09:25:00,15.27,15.28,15.27,15.28,0,0
2016-02-16,09:30:00,15.29,15.29,15.27,15.27,0,0
2016-02-16,09:35:00,15.27,15.28,15.23,15.23,0,0
2016-02-16,09:40:00,15.24,15.24,15.14,15.17,0,0
2016-02-16,09:45:00,15.18,15.22,15.16,15.22,0,0
2016-02-16,09:50:00,15.22,15.22,15.21,15.21,0,0
2016-02-16,09:55:00,15.22,15.22,15.2,15.21,0,0
2016-02-16,10:00:00,15.21,15.225,15.2,15.2,0,0
2016-02-16,10:05:00,15.2,15.26,15.2,15.26,0,0
2016-02-16,10:10:00,15.27,15.3,15.26,15.28,0,0
2016-02-16,10:15:00,15.28,15.31,15.27,15.29,0,0
2016-02-16,10:20:00,15.29,15.3,15.27,15.3,0,0
2016-02-16,10:25:00,15.3,15.314,15.3,15.3,0,0
2016-02-16,10:30:00,15.31,15.31,15.29,15.3,0,0
2016-02-16,10:35:00,15.3,15.3,15.29,15.29,0,0
2016-02-16,10:40:00,15.291,15.291,15.28,15.29,0,0
2016-02-16,10:45:00,15.288,15.3,15.28,15.3,0,0
2016-02-16,10:50:00,15.3,15.32,15.29,15.32,0,0
2016-02-16,10:55:00,15.31,15.34,15.31,15.34,0,0
2016-02-16,11:00:00,15.34,15.36,15.34,15.34,0,0
2016-02-16,11:05:00,15.33,15.36,15.33,15.35,0,0
2016-02-16,11:10:00,15.34,15.342,15.32,15.33,0,0
2016-02-16,11:15:00,15.33,15.35,15.33,15.34,0,0
2016-02-16,11:20:00,15.34,15.34,15.33,15.33,0,0
2016-02-16,11:25:00,15.332,15.332,15.326,15.33,0,0
2016-02-16,11:30:00,15.32,15.33,15.32,15.326,0,0
2016-02-16,11:35:00,15.326,15.34,15.326,15.34,0,0
2016-02-16,11:40:00,15.342,15.35,15.33,15.35,0,0
2016-02-16,11:45:00,15.35,15.35,15.34,15.35,0,0
2016-02-16,11:50:00,15.34,15.36,15.34,15.36,0,0
2016-02-16,11:55:00,15.36,15.36,15.34,15.34,0,0
2016-02-16,12:00:00,15.337,15.35,15.336,15.34,0,0
2016-02-16,12:05:00,15.33,15.34,15.32,15.34,0,0
2016-02-16,12:10:00,15.34,15.36,15.34,15.35,0,0
2016-02-16,12:15:00,15.36,15.36,15.35,15.35,0,0
2016-02-16,12:20:00,15.345,15.36,15.34,15.36,0,0
2016-02-16,12:25:00,15.35,15.36,15.35,15.35,0,0
2016-02-16,12:30:00,15.36,15.4,15.35,15.4,0,0
2016-02-16,12:35:00,15.4,15.43,15.4,15.43,0,0
2016-02-16,12:40:00,15.425,15.43,15.4,15.41,0,0
2016-02-16,12:45:00,15.41,15.42,15.41,15.41,0,0
2016-02-16,12:50:00,15.41,15.42,15.4,15.4,0,0
2016-02-16,12:55:00,15.4,15.42,15.39,15.42,0,0
2016-02-16,13:00:00,15.42,15.42,15.4,15.4,0,0
2016-02-16,13:05:00,15.39,15.39,15.369,15.37,0,0
2016-02-16,13:10:00,15.365,15.373,15.36,15.37,0,0
2016-02-16,13:15:00,15.37,15.372,15.36,15.37,0,0
2016-02-16,13:20:00,15.37,15.37,15.36,15.37,0,0
2016-02-16,13:25:00,15.37,15.39,15.36,15.38,0,0
2016-02-16,13:30:00,15.39,15.39,15.379,15.38,0,0
2016-02-16,13:35:00,15.37,15.38,15.35,15.35,0,0
2016-02-16,13:40:00,15.35,15.37,15.35,15.37,0,0
2016-02-16,13:45:00,15.36,15.38,15.36,15.38,0,0
2016-02-16,13:50:00,15.37,15.38,15.37,15.38,0,0
2016-02-16,13:55:00,15.38,15.38,15.36,15.36,0,0
2016-02-16,14:00:00,15.35,15.36,15.347,15.36,0,0
2016-02-16,14:05:00,15.36,15.37,15.33,15.34,0,0
2016-02-16,14:10:00,15.34,15.37,15.34,15.36,0,0
2016-02-16,14:15:00,15.36,15.37,15.33,15.34,0,0
2016-02-16,14:20:00,15.34,15.34,15.31,15.31,0,0
2016-02-16,14:25:00,15.32,15.35,15.32,15.33,0,0
2016-02-16,14:30:00,15.33,15.35,15.32,15.34,0,0
2016-02-16,14:35:00,15.34,15.36,15.34,15.34,0,0
2016-02-16,14:40:00,15.34,15.36,15.34,15.36,0,0
2016-02-16,14:45:00,15.37,15.38,15.36,15.37,0,0
2016-02-16,14:50:00,15.36,15.38,15.35,15.36,0,0
2016-02-16,14:55:00,15.36,15.37,15.35,15.37,0,0
2016-02-16,15:00:00,15.38,15.38,15.36,15.37,0,0
2016-02-16,15:05:00,15.37,15.37,15.36,15.37,0,0
2016-02-16,15:10:00,15.371,15.38,15.35,15.35,0,0
2016-02-16,15:15:00,15.35,15.37,15.35,15.35,0,0
2016-02-16,15:20:00,15.36,15.39,15.36,15.39,0,0
2016-02-16,15:25:00,15.4,15.4,15.37,15.39,0,0
2016-02-16,15:30:00,15.4,15.41,15.39,15.41,0,0
2016-02-16,15:35:00,15.4,15.41,15.4,15.4,0,0
2016-02-16,15:40:00,15.4,15.41,15.37,15.38,0,0
2016-02-16,15:45:00,15.38,15.39,15.33,15.34,0,0
2016-02-16,15:50:00,15.34,15.34,15.3,15.33,0,0
2016-02-16,15:55:00,15.34,15.36,15.32,15.35,0,0
2016-02-16,16:00:00,15.34,15.36,15.34,15.35,0,0
2016-02-16,16:05:00,15.35,15.36,15.32,15.36,0,0
2016-02-16,16:10:00,15.36,15.37,15.35,15.36,0,0
2016-02-16,16:15:00,15.36,15.36,15.34,15.36,0,0
2016-02-16,16:20:00,15.36,15.38,15.35,15.37,0,0
2016-02-16,16:25:00,15.37,15.37,15.35,15.36,0,0
2016-02-16,16:30:00,15.35,15.38,15.35,15.37,0,0
2016-02-16,16:35:00,15.36,15.38,15.36,15.36,0,0
2016-02-16,16:40:00,15.357,15.357,15.33,15.35,0,0
2016-02-16,16:45:00,15.35,15.375,15.34,15.36,0,0
2016-02-16,16:50:00,15.35,15.36,15.34,15.36,0,0
2016-02-16,16:55:00,15.365,15.37,15.36,15.36,0,0
2016-02-16,17:00:00,15.36,15.38,15.36,15.38,0,0
2016-02-16,17:05:00,15.38,15.38,15.35,15.35,0,0
2016-02-16,17:10:00,15.35,15.36,15.35,15.36,0,0
2016-02-16,17:15:00,15.35,15.36,15.35,15.35,0,0
2016-02-16,17:20:00,15.35,15.37,15.35,15.36,0,0
2016-02-16,17:25:00,15.36,15.36,15.32,15.34,0,0
2016-02-16,17:30:00,15.33,15.34,15.33,15.34,0,0
2016-02-16,17:35:00,15.34,15.352,15.33,15.35,0,0
2016-02-16,17:40:00,15.34,15.35,15.34,15.35,0,0
2016-02-16,17:45:00,15.346,15.35,15.33,15.33,0,0
2016-02-16,17:50:00,15.331,15.35,15.324,15.33,0,0
2016-02-16,17:55:00,15.33,15.34,15.329,15.33,0,0
2016-02-16,18:00:00,15.34,15.34,15.33,15.34,0,0
2016-02-16,18:05:00,15.33,15.34,15.33,15.33,0,0
2016-02-16,18:10:00,15.32,15.33,15.31,15.32,0,0
2016-02-16,18:15:00,15.32,15.33,15.315,15.33,0,0
2016-02-16,18:20:00,15.33,15.33,15.31,15.32,0,0
2016-02-16,18:25:00,15.319,15.33,15.319,15.32,0,0
2016-02-16,18:30:00,15.319,15.33,15.319,15.32,0,0
2016-02-16,18:35:00,15.33,15.33,15.32,15.32,0,0
2016-02-16,18:40:00,15.321,15.33,15.32,15.33,0,0
2016-02-16,18:45:00,15.33,15.33,15.32,15.33,0,0
2016-02-16,18:50:00,15.34,15.34,15.32,15.33,0,0
2016-02-16,18:55:00,15.32,15.331,15.32,15.33,0,0
2016-02-16,19:00:00,15.32,15.32,15.31,15.31,0,0
2016-02-16,19:05:00,15.3,15.31,15.3,15.306,0,0
2016-02-16,19:10:00,15.31,15.31,15.305,15.31,0,0
2016-02-16,19:15:00,15.31,15.32,15.3,15.32,0,0
2016-02-16,19:20:00,15.32,15.32,15.31,15.31,0,0
2016-02-16,19:25:00,15.31,15.32,15.3,15.3,0,0
2016-02-16,19:30:00,15.3,15.31,15.29,15.31,0,0
2016-02-16,19:35:00,15.31,15.31,15.295,15.3,0,0
2016-02-16,19:40:00,15.3,15.3,15.29,15.29,0,0
2016-02-16,19:45:00,15.289,15.29,15.24,15.24,0,0
2016-02-16,19:50:00,15.25,15.27,15.24,15.27,0,0
2016-02-16,19:55:00,15.26,15.27,15.26,15.27,0,0
2016-02-16,20:00:00,15.27,15.27,15.26,15.26,0,0
2016-02-16,20:05:00,15.257,15.26,15.24,15.25,0,0
2016-02-16,20:10:00,15.25,15.27,15.24,15.26,0,0
2016-02-16,20:15:00,15.259,15.27,15.259,15.26,0,0
2016-02-16,20:20:00,15.255,15.26,15.25,15.25,0,0
2016-02-16,20:25:00,15.25,15.26,15.25,15.26,0,0
2016-02-16,20:30:00,15.25,15.26,15.25,15.26,0,0
2016-02-16,20:35:00,15.25,15.26,15.246,15.25,0,0
2016-02-16,20:40:00,15.25,15.265,15.25,15.26,0,0
2016-02-16,20:45:00,15.26,15.26,15.25,15.25,0,0
2016-02-16,20:50:00,15.249,15.251,15.249,15.249,0,0
2016-02-16,20:55:00,15.249,15.25,15.24,15.24,0,0
2016-02-16,21:00:00,15.245,15.25,15.24,15.25,0,0
2016-02-16,21:05:00,15.25,15.25,15.24,15.25,0,0
2016-02-16,21:10:00,15.26,15.26,15.25,15.26,0,0
2016-02-16,21:15:00,15.26,15.27,15.25,15.25,0,0
2016-02-16,21:20:00,15.25,15.252,15.24,15.24,0,0
2016-02-16,21:25:00,15.24,15.25,15.24,15.24,0,0
2016-02-16,21:30:00,15.24,15.254,15.24,15.25,0,0
2016-02-16,21:35:00,15.253,15.254,15.248,15.25,0,0
2016-02-16,21:40:00,15.24,15.242,15.23,15.23,0,0
2016-02-16,21:45:00,15.23,15.24,15.23,15.24,0,0
2016-02-16,21:50:00,15.23,15.25,15.23,15.25,0,0
2016-02-16,21:55:00,15.244,15.25,15.238,15.24,0,0
2016-02-16,22:00:00,15.24,15.24,15.23,15.23,0,0
2016-02-16,22:05:00,15.23,15.24,15.22,15.23,0,0
2016-02-16,22:10:00,15.231,15.231,15.21,15.21,0,0
2016-02-16,22:15:00,15.22,15.23,15.21,15.22,0,0
2016-02-16,22:20:00,15.22,15.23,15.22,15.22,0,0
2016-02-16,22:25:00,15.23,15.23,15.22,15.22,0,0
2016-02-16,22:30:00,15.224,15.23,15.22,15.23,0,0
2016-02-16,22:35:00,15.22,15.231,15.22,15.23,0,0
2016-02-16,22:40:00,15.23,15.23,15.226,15.23,0,0
2016-02-16,22:45:00,15.229,15.23,15.219,15.22,0,0
2016-02-16,22:50:00,15.219,15.23,15.219,15.23,0,0
2016-02-16,22:55:00,15.23,15.23,15.215,15.222,0,0
2016-02-16,23:00:00,15.222,15.23,15.219,15.22,0,0
2016-02-16,23:05:00,15.22,15.22,15.22,15.22,0,0
2016-02-17,01:35:00,15.18,15.186,15.17,15.18,0,0
2016-02-17,01:40:00,15.17,15.18,15.17,15.17,0,0
2016-02-17,01:45:00,15.168,15.185,15.168,15.18,0,0
2016-02-17,01:50:00,15.18,15.185,15.175,15.18,0,0
2016-02-17,01:55:00,15.18,15.195,15.18,15.19,0,0
2016-02-17,02:00:00,15.2,15.203,15.19,15.19,0,0
2016-02-17,02:05:00,15.2,15.224,15.2,15.22,0,0
2016-02-17,02:10:00,15.22,15.23,15.22,15.23,0,0
2016-02-17,02:15:00,15.23,15.242,15.228,15.234,0,0
2016-02-17,02:20:00,15.234,15.24,15.23,15.23,0,0
2016-02-17,02:25:00,15.23,15.25,15.23,15.24,0,0
2016-02-17,02:30:00,15.242,15.242,15.23,15.23,0,0
2016-02-17,02:35:00,15.23,15.24,15.23,15.23,0,0
2016-02-17,02:40:00,15.23,15.25,15.23,15.25,0,0
2016-02-17,02:45:00,15.24,15.25,15.23,15.24,0,0
2016-02-17,02:50:00,15.24,15.252,15.235,15.252,0,0
2016-02-17,02:55:00,15.25,15.25,15.235,15.24,0,0
2016-02-17,03:00:00,15.241,15.241,15.229,15.23,0,0
2016-02-17,03:05:00,15.23,15.231,15.22,15.23,0,0
2016-02-17,03:10:00,15.23,15.23,15.215,15.23,0,0
2016-02-17,03:15:00,15.233,15.233,15.22,15.23,0,0
2016-02-17,03:20:00,15.23,15.24,15.22,15.24,0,0
2016-02-17,03:25:00,15.24,15.24,15.22,15.228,0,0
2016-02-17,03:30:00,15.23,15.234,15.215,15.23,0,0
2016-02-17,03:35:00,15.23,15.23,15.22,15.224,0,0
2016-02-17,03:40:00,15.223,15.232,15.22,15.232,0,0
2016-02-17,03:45:00,15.232,15.24,15.23,15.24,0,0
2016-02-17,03:50:00,15.239,15.243,15.239,15.24,0,0
2016-02-17,03:55:00,15.238,15.24,15.23,15.24,0,0
2016-02-17,04:00:00,15.23,15.24,15.23,15.239,0,0
2016-02-17,04:05:00,15.238,15.24,15.238,15.24,0,0
2016-02-17,04:10:00,15.244,15.245,15.238,15.24,0,0
2016-02-17,04:15:00,15.24,15.25,15.239,15.25,0,0
2016-02-17,04:20:00,15.25,15.254,15.24,15.25,0,0
2016-02-17,04:25:00,15.25,15.26,15.245,15.26,0,0
2016-02-17,04:30:00,15.26,15.27,15.255,15.27,0,0
2016-02-17,04:35:00,15.273,15.28,15.27,15.28,0,0
2016-02-17,04:40:00,15.278,15.29,15.269,15.27,0,0
2016-02-17,04:45:00,15.27,15.275,15.26,15.273,0,0
2016-02-17,04:50:00,15.27,15.28,15.27,15.28,0,0
2016-02-17,04:55:00,15.29,15.34,15.29,15.34,0,0
2016-02-17,05:00:00,15.33,15.34,15.32,15.33,0,0
2016-02-17,05:05:00,15.335,15.34,15.32,15.32,0,0
2016-02-17,05:10:00,15.31,15.32,15.31,15.31,0,0
2016-02-17,05:15:00,15.31,15.32,15.305,15.31,0,0
2016-02-17,05:20:00,15.313,15.32,15.31,15.31,0,0
2016-02-17,05:25:00,15.31,15.345,15.31,15.33,0,0
2016-02-17,05:30:00,15.33,15.33,15.32,15.33,0,0
2016-02-17,05:35:00,15.32,15.322,15.313,15.32,0,0
2016-02-17,05:40:00,15.324,15.33,15.32,15.33,0,0
2016-02-17,05:45:00,15.328,15.33,15.32,15.33,0,0
2016-02-17,05:50:00,15.337,15.34,15.323,15.34,0,0
2016-02-17,05:55:00,15.339,15.34,15.33,15.33,0,0
2016-02-17,06:00:00,15.329,15.33,15.32,15.32,0,0
2016-02-17,06:05:00,15.324,15.33,15.31,15.31,0,0
2016-02-17,06:10:00,15.32,15.32,15.3,15.31,0,0
2016-02-17,06:15:00,15.31,15.311,15.309,15.31,0,0
2016-02-17,06:20:00,15.31,15.32,15.309,15.32,0,0
2016-02-17,06:25:00,15.31,15.32,15.31,15.31,0,0
2016-02-17,06:30:00,15.31,15.322,15.31,15.32,0,0
2016-02-17,06:35:00,15.32,15.322,15.309,15.32,0,0
2016-02-17,06:40:00,15.32,15.32,15.3,15.3,0,0
2016-02-17,06:45:00,15.303,15.305,15.29,15.29,0,0
2016-02-17,06:50:00,15.29,15.31,15.28,15.28,0,0
2016-02-17,06:55:00,15.28,15.3,15.28,15.3,0,0
2016-02-17,07:00:00,15.29,15.3,15.29,15.29,0,0
2016-02-17,07:05:00,15.3,15.301,15.29,15.3,0,0
2016-02-17,07:10:00,15.29,15.301,15.29,15.3,0,0
2016-02-17,07:15:00,15.3,15.325,15.293,15.31,0,0
2016-02-17,07:20:00,15.31,15.335,15.3,15.3,0,0
2016-02-17,07:25:00,15.3,15.315,15.3,15.31,0,0
2016-02-17,07:30:00,15.314,15.315,15.3,15.3,0,0
2016-02-17,07:35:00,15.299,15.301,15.29,15.3,0,0
2016-02-17,07:40:00,15.301,15.301,15.29,15.3,0,0
2016-02-17,07:45:00,15.29,15.304,15.29,15.29,0,0
2016-02-17,07:50:00,15.295,15.3,15.29,15.29,0,0
2016-02-17,07:55:00,15.288,15.292,15.28,15.29,0,0
2016-02-17,08:00:00,15.29,15.301,15.28,15.3,0,0
2016-02-17,08:05:00,15.3,15.3,15.279,15.29,0,0
2016-02-17,08:10:00,15.28,15.29,15.28,15.28,0,0
2016-02-17,08:15:00,15.28,15.29,15.27,15.28,0,0
2016-02-17,08:20:00,15.29,15.31,15.29,15.31,0,0
2016-02-17,08:25:00,15.31,15.32,15.31,15.32,0,0
2016-02-17,08:30:00,15.319,15.32,15.31,15.32,0,0
2016-02-17,08:35:00,15.315,15.33,15.31,15.33,0,0
2016-02-17,08:40:00,15.33,15.33,15.31,15.31,0,0
2016-02-17,08:45:00,15.31,15.325,15.3,15.31,0,0
2016-02-17,08:50:00,15.31,15.32,15.3,15.31,0,0
2016-02-17,08:55:00,15.314,15.32,15.303,15.303,0,0
2016-02-17,09:00:00,15.314,15.33,15.305,15.33,0,0
2016-02-17,09:05:00,15.32,15.32,15.29,15.29,0,0
2016-02-17,09:10:00,15.29,15.29,15.25,15.26,0,0
2016-02-17,09:15:00,15.26,15.27,15.24,15.24,0,0
2016-02-17,09:20:00,15.24,15.26,15.22,15.24,0,0
2016-02-17,09:25:00,15.23,15.25,15.21,15.24,0,0
2016-02-17,09:30:00,15.24,15.25,15.23,15.24,0,0
2016-02-17,09:35:00,15.238,15.25,15.23,15.25,0,0
2016-02-17,09:40:00,15.24,15.24,15.22,15.22,0,0
2016-02-17,09:45:00,15.23,15.23,15.2,15.21,0,0
2016-02-17,09:50:00,15.21,15.22,15.195,15.22,0,0
2016-02-17,09:55:00,15.22,15.23,15.215,15.22,0,0
2016-02-17,10:00:00,15.225,15.23,15.19,15.21,0,0
2016-02-17,10:05:00,15.21,15.216,15.2,15.21,0,0
2016-02-17,10:10:00,15.2,15.21,15.18,15.18,0,0
2016-02-17,10:15:00,15.18,15.2,15.18,15.18,0,0
2016-02-17,10:20:00,15.19,15.2,15.18,15.2,0,0
2016-02-17,10:25:00,15.2,15.2,15.19,15.2,0,0
2016-02-17,10:30:00,15.201,15.201,15.19,15.2,0,0
2016-02-17,10:35:00,15.19,15.2,15.18,15.18,0,0
2016-02-17,10:40:00,15.182,15.182,15.17,15.18,0,0
2016-02-17,10:45:00,15.185,15.21,15.18,15.21,0,0
2016-02-17,10:50:00,15.2,15.21,15.2,15.21,0,0
2016-02-17,10:55:00,15.211,15.23,15.195,15.23,0,0
2016-02-17,11:00:00,15.23,15.23,15.22,15.22,0,0
2016-02-17,11:05:00,15.22,15.23,15.2,15.23,0,0
2016-02-17,11:10:00,15.22,15.23,15.218,15.226,0,0
2016-02-17,11:15:00,15.23,15.24,15.22,15.23,0,0
2016-02-17,11:20:00,15.23,15.23,15.217,15.22,0,0
2016-02-17,11:25:00,15.22,15.22,15.208,15.21,0,0
2016-02-17,11:30:00,15.21,15.22,15.21,15.21,0,0
2016-02-17,11:35:00,15.22,15.245,15.21,15.218,0,0
2016-02-17,11:40:00,15.22,15.221,15.219,15.22,0,0
2016-02-17,11:45:00,15.22,15.23,15.21,15.22,0,0
2016-02-17,11:50:00,15.22,15.24,15.22,15.23,0,0
2016-02-17,11:55:00,15.23,15.25,15.23,15.24,0,0
2016-02-17,12:00:00,15.236,15.241,15.23,15.24,0,0
2016-02-17,12:05:00,15.236,15.25,15.23,15.25,0,0
2016-02-17,12:10:00,15.25,15.254,15.24,15.248,0,0
2016-02-17,12:15:00,15.25,15.26,15.24,15.24,0,0
2016-02-17,12:20:00,15.24,15.241,15.239,15.24,0,0
2016-02-17,12:25:00,15.25,15.254,15.235,15.253,0,0
2016-02-17,12:30:00,15.25,15.25,15.24,15.246,0,0
2016-02-17,12:35:00,15.247,15.25,15.24,15.24,0,0
2016-02-17,12:40:00,15.23,15.25,15.23,15.24,0,0
2016-02-17,12:45:00,15.24,15.25,15.24,15.24,0,0
2016-02-17,12:50:00,15.241,15.252,15.24,15.24,0,0
2016-02-17,12:55:00,15.244,15.25,15.24,15.25,0,0
2016-02-17,13:00:00,15.24,15.25,15.24,15.25,0,0
2016-02-17,13:05:00,15.25,15.26,15.24,15.26,0,0
2016-02-17,13:10:00,15.27,15.27,15.255,15.26,0,0
2016-02-17,13:15:00,15.26,15.27,15.245,15.26,0,0
2016-02-17,13:20:00,15.27,15.29,15.26,15.29,0,0
2016-02-17,13:25:00,15.3,15.31,15.29,15.29,0,0
2016-02-17,13:30:00,15.3,15.31,15.299,15.3,0,0
2016-02-17,13:35:00,15.3,15.31,15.29,15.29,0,0
2016-02-17,13:40:00,15.29,15.3,15.29,15.29,0,0
2016-02-17,13:45:00,15.29,15.305,15.28,15.29,0,0
2016-02-17,13:50:00,15.292,15.292,15.289,15.29,0,0
2016-02-17,13:55:00,15.289,15.3,15.28,15.3,0,0
2016-02-17,14:00:00,15.295,15.31,15.295,15.3,0,0
2016-02-17,14:05:00,15.3,15.3,15.28,15.29,0,0
2016-02-17,14:10:00,15.28,15.29,15.27,15.28,0,0
2016-02-17,14:15:00,15.27,15.28,15.26,15.27,0,0
2016-02-17,14:20:00,15.27,15.28,15.26,15.26,0,0
2016-02-17,14:25:00,15.27,15.31,15.27,15.31,0,0
2016-02-17,14:30:00,15.31,15.32,15.29,15.31,0,0
2016-02-17,14:35:00,15.31,15.34,15.29,15.29,0,0
2016-02-17,14:40:00,15.29,15.31,15.28,15.29,0,0
2016-02-17,14:45:00,15.29,15.31,15.29,15.3,0,0
2016-02-17,14:50:00,15.3,15.32,15.3,15.3,0,0
2016-02-17,14:55:00,15.3,15.31,15.29,15.3,0,0
2016-02-17,15:00:00,15.315,15.33,15.29,15.33,0,0
2016-02-17,15:05:00,15.32,15.33,15.3,15.32,0,0
2016-02-17,15:10:00,15.31,15.33,15.31,15.32,0,0
2016-02-17,15:15:00,15.32,15.32,15.28,15.3,0,0
2016-02-17,15:20:00,15.3,15.31,15.27,15.3,0,0
2016-02-17,15:25:00,15.3,15.31,15.29,15.31,0,0
2016-02-17,15:30:00,15.32,15.32,15.29,15.29,0,0
2016-02-17,15:35:00,15.29,15.32,15.28,15.3,0,0
2016-02-17,15:40:00,15.3,15.31,15.29,15.29,0,0
2016-02-17,15:45:00,15.3,15.33,15.3,15.33,0,0
2016-02-17,15:50:00,15.32,15.34,15.32,15.33,0,0
2016-02-17,15:55:00,15.32,15.33,15.3,15.31,0,0
2016-02-17,16:00:00,15.31,15.32,15.3,15.31,0,0
2016-02-17,16:05:00,15.31,15.33,15.309,15.32,0,0
2016-02-17,16:10:00,15.32,15.33,15.31,15.33,0,0
2016-02-17,16:15:00,15.34,15.34,15.31,15.32,0,0
2016-02-17,16:20:00,15.32,15.34,15.317,15.33,0,0
2016-02-17,16:25:00,15.33,15.34,15.31,15.33,0,0
2016-02-17,16:30:00,15.32,15.33,15.32,15.33,0,0
2016-02-17,16:35:00,15.32,15.34,15.32,15.32,0,0
2016-02-17,16:40:00,15.321,15.33,15.32,15.33,0,0
2016-02-17,16:45:00,15.33,15.35,15.33,15.34,0,0
2016-02-17,16:50:00,15.34,15.35,15.33,15.33,0,0
2016-02-17,16:55:00,15.327,15.34,15.327,15.34,0,0
2016-02-17,17:00:00,15.34,15.355,15.33,15.34,0,0
2016-02-17,17:05:00,15.34,15.36,15.34,15.34,0,0
2016-02-17,17:10:00,15.35,15.35,15.344,15.346,0,0
2016-02-17,17:15:00,15.35,15.37,15.35,15.36,0,0
2016-02-17,17:20:00,15.36,15.381,15.36,15.37,0,0
2016-02-17,17:25:00,15.366,15.37,15.36,15.37,0,0
2016-02-17,17:30:00,15.37,15.37,15.356,15.36,0,0
2016-02-17,17:35:00,15.37,15.37,15.36,15.37,0,0
2016-02-17,17:40:00,15.37,15.375,15.36,15.36,0,0
2016-02-17,17:45:00,15.37,15.37,15.36,15.36,0,0
2016-02-17,17:50:00,15.37,15.372,15.36,15.37,0,0
2016-02-17,17:55:00,15.367,15.38,15.367,15.37,0,0
2016-02-17,18:00:00,15.37,15.38,15.365,15.37,0,0
2016-02-17,18:05:00,15.368,15.39,15.368,15.38,0,0
2016-02-17,18:10:00,15.38,15.38,15.35,15.35,0,0
2016-02-17,18:15:00,15.35,15.35,15.34,15.34,0,0
2016-02-17,18:20:00,15.34,15.35,15.33,15.34,0,0
2016-02-17,18:25:00,15.34,15.365,15.337,15.34,0,0
2016-02-17,18:30:00,15.34,15.34,15.31,15.33,0,0
2016-02-17,18:35:00,15.33,15.33,15.29,15.29,0,0
2016-02-17,18:40:00,15.29,15.3,15.28,15.29,0,0
2016-02-17,18:45:00,15.29,15.31,15.29,15.31,0,0
2016-02-17,18:50:00,15.31,15.32,15.3,15.32,0,0
2016-02-17,18:55:00,15.319,15.33,15.316,15.32,0,0
2016-02-17,19:00:00,15.317,15.333,15.317,15.33,0,0
2016-02-17,19:05:00,15.331,15.345,15.325,15.33,0,0
2016-02-17,19:10:00,15.34,15.34,15.325,15.33,0,0
2016-02-17,19:15:00,15.331,15.345,15.33,15.34,0,0
2016-02-17,19:20:00,15.33,15.36,15.33,15.35,0,0
2016-02-17,19:25:00,15.351,15.36,15.33,15.36,0,0
2016-02-17,19:30:00,15.36,15.37,15.35,15.36,0,0
2016-02-17,19:35:00,15.35,15.375,15.35,15.35,0,0
2016-02-17,19:40:00,15.35,15.36,15.34,15.34,0,0
2016-02-17,19:45:00,15.336,15.34,15.32,15.32,0,0
2016-02-17,19:50:00,15.32,15.32,15.3,15.3,0,0
2016-02-17,19:55:00,15.29,15.302,15.29,15.3,0,0
2016-02-17,20:00:00,15.3,15.34,15.3,15.33,0,0
2016-02-17,20:05:00,15.33,15.36,15.31,15.32,0,0
2016-02-17,20:10:00,15.33,15.35,15.31,15.31,0,0
2016-02-17,20:15:00,15.32,15.34,15.31,15.33,0,0
2016-02-17,20:20:00,15.32,15.33,15.26,15.27,0,0
2016-02-17,20:25:00,15.27,15.29,15.25,15.28,0,0
2016-02-17,20:30:00,15.28,15.31,15.28,15.29,0,0
2016-02-17,20:35:00,15.28,15.3,15.28,15.3,0,0
2016-02-17,20:40:00,15.296,15.3,15.29,15.3,0,0
2016-02-17,20:45:00,15.3,15.31,15.29,15.29,0,0
2016-02-17,20:50:00,15.29,15.31,15.29,15.3,0,0
2016-02-17,20:55:00,15.3,15.31,15.3,15.301,0,0
2016-02-17,21:00:00,15.3,15.31,15.3,15.3,0,0
2016-02-17,21:05:00,15.297,15.3,15.295,15.3,0,0
2016-02-17,21:10:00,15.29,15.301,15.29,15.301,0,0
2016-02-17,21:15:00,15.301,15.301,15.29,15.3,0,0
2016-02-17,21:20:00,15.29,15.3,15.29,15.29,0,0
2016-02-17,21:25:00,15.29,15.312,15.29,15.31,0,0
2016-02-17,21:30:00,15.31,15.32,15.31,15.31,0,0
2016-02-17,21:35:00,15.31,15.312,15.3,15.3,0,0
2016-02-17,21:40:00,15.303,15.31,15.29,15.3,0,0
2016-02-17,21:45:00,15.29,15.3,15.287,15.29,0,0
2016-02-17,21:50:00,15.28,15.29,15.28,15.29,0,0
2016-02-17,21:55:00,15.287,15.29,15.28,15.285,0,0
2016-02-17,22:00:00,15.28,15.29,15.27,15.27,0,0
2016-02-17,22:05:00,15.28,15.28,15.27,15.27,0,0
2016-02-17,22:10:00,15.27,15.28,15.27,15.27,0,0
2016-02-17,22:15:00,15.28,15.28,15.27,15.27,0,0
2016-02-17,22:20:00,15.27,15.29,15.27,15.285,0,0
2016-02-17,22:25:00,15.285,15.29,15.284,15.29,0,0
2016-02-17,22:30:00,15.293,15.293,15.29,15.29,0,0
2016-02-17,22:35:00,15.292,15.3,15.288,15.3,0,0
2016-02-17,22:40:00,15.297,15.3,15.29,15.29,0,0
2016-02-17,22:45:00,15.29,15.293,15.29,15.29,0,0
2016-02-17,22:50:00,15.29,15.3,15.29,15.29,0,0
2016-02-17,22:55:00,15.28,15.29,15.28,15.29,0,0
2016-02-17,23:00:00,15.296,15.296,15.28,15.29,0,0
2016-02-17,23:05:00,15.28,15.28,15.28,15.28,0,0
2016-02-18,01:35:00,15.29,15.29,15.27,15.28,0,0
2016-02-18,01:40:00,15.28,15.29,15.28,15.29,0,0
2016-02-18,01:45:00,15.29,15.29,15.28,15.29,0,0
2016-02-18,01:50:00,15.29,15.29,15.289,15.29,0,0
2016-02-18,01:55:00,15.3,15.3,15.29,15.29,0,0
2016-02-18,02:00:00,15.29,15.3,15.29,15.3,0,0
2016-02-18,02:05:00,15.301,15.301,15.29,15.3,0,0
2016-02-18,02:10:00,15.3,15.31,15.29,15.3,0,0
2016-02-18,02:15:00,15.3,15.3,15.29,15.29,0,0
2016-02-18,02:20:00,15.286,15.29,15.28,15.28,0,0
2016-02-18,02:25:00,15.28,15.29,15.28,15.29,0,0
2016-02-18,02:30:00,15.289,15.29,15.285,15.29,0,0
2016-02-18,02:35:00,15.286,15.3,15.286,15.3,0,0
2016-02-18,02:40:00,15.29,15.3,15.288,15.291,0,0
2016-02-18,02:45:00,15.29,15.29,15.285,15.29,0,0
2016-02-18,02:50:00,15.29,15.292,15.29,15.292,0,0
2016-02-18,02:55:00,15.292,15.292,15.287,15.29,0,0
2016-02-18,03:00:00,15.287,15.291,15.285,15.285,0,0
2016-02-18,03:05:00,15.286,15.29,15.28,15.28,0,0
2016-02-18,03:10:00,15.29,15.29,15.28,15.29,0,0
2016-02-18,03:15:00,15.29,15.291,15.286,15.29,0,0
2016-02-18,03:20:00,15.285,15.3,15.28,15.29,0,0
2016-02-18,03:25:00,15.28,15.3,15.28,15.3,0,0
2016-02-18,03:30:00,15.3,15.311,15.29,15.3,0,0
2016-02-18,03:35:00,15.3,15.3,15.29,15.3,0,0
2016-02-18,03:40:00,15.3,15.3,15.29,15.29,0,0
2016-02-18,03:45:00,15.292,15.292,15.29,15.29,0,0
2016-02-18,03:50:00,15.285,15.3,15.285,15.3,0,0
2016-02-18,03:55:00,15.297,15.3,15.297,15.3,0,0
2016-02-18,04:00:00,15.305,15.311,15.3,15.31,0,0
2016-02-18,04:05:00,15.315,15.315,15.31,15.312,0,0
2016-02-18,04:10:00,15.31,15.312,15.31,15.311,0,0
2016-02-18,04:15:00,15.311,15.313,15.31,15.31,0,0
2016-02-18,04:20:00,15.311,15.312,15.308,15.31,0,0
2016-02-18,04:25:00,15.31,15.31,15.303,15.31,0,0
2016-02-18,04:30:00,15.306,15.313,15.3,15.31,0,0
2016-02-18,04:35:00,15.31,15.31,15.3,15.3,0,0
2016-02-18,04:40:00,15.3,15.3,15.29,15.3,0,0
2016-02-18,04:45:00,15.3,15.303,15.3,15.3,0,0
2016-02-18,04:50:00,15.301,15.31,15.3,15.3,0,0
2016-02-18,04:55:00,15.3,15.31,15.3,15.31,0,0
2016-02-18,05:00:00,15.303,15.31,15.3,15.31,0,0
2016-02-18,05:05:00,15.31,15.31,15.3,15.31,0,0
2016-02-18,05:10:00,15.31,15.31,15.3,15.308,0,0
2016-02-18,05:15:00,15.308,15.31,15.305,15.31,0,0
2016-02-18,05:20:00,15.306,15.31,15.3,15.3,0,0
2016-02-18,05:25:00,15.3,15.31,15.3,15.308,0,0
2016-02-18,05:30:00,15.308,15.311,15.3,15.305,0,0
2016-02-18,05:35:00,15.31,15.31,15.29,15.3,0,0
2016-02-18,05:40:00,15.3,15.31,15.293,15.3,0,0
2016-02-18,05:45:00,15.299,15.301,15.295,15.3,0,0
2016-02-18,05:50:00,15.295,15.315,15.295,15.3,0,0
2016-02-18,05:55:00,15.3,15.3,15.29,15.29,0,0
2016-02-18,06:00:00,15.291,15.3,15.286,15.29,0,0
2016-02-18,06:05:00,15.3,15.312,15.29,15.3,0,0
2016-02-18,06:10:00,15.3,15.31,15.3,15.301,0,0
2016-02-18,06:15:00,15.3,15.31,15.299,15.31,0,0
2016-02-18,06:20:00,15.306,15.315,15.305,15.31,0,0
2016-02-18,06:25:00,15.309,15.325,15.3,15.3,0,0
2016-02-18,06:30:00,15.295,15.3,15.279,15.28,0,0
2016-02-18,06:35:00,15.29,15.29,15.28,15.28,0,0
2016-02-18,06:40:00,15.275,15.29,15.25,15.26,0,0
2016-02-18,06:45:00,15.26,15.29,15.25,15.29,0,0
2016-02-18,06:50:00,15.287,15.29,15.275,15.29,0,0
2016-02-18,06:55:00,15.29,15.29,15.288,15.29,0,0
2016-02-18,07:00:00,15.287,15.29,15.28,15.29,0,0
2016-02-18,07:05:00,15.28,15.28,15.26,15.27,0,0
2016-02-18,07:10:00,15.27,15.285,15.26,15.27,0,0
2016-02-18,07:15:00,15.28,15.295,15.27,15.28,0,0
2016-02-18,07:20:00,15.27,15.28,15.27,15.27,0,0
2016-02-18,07:25:00,15.27,15.27,15.26,15.27,0,0
2016-02-18,07:30:00,15.28,15.28,15.26,15.27,0,0
2016-02-18,07:35:00,15.27,15.27,15.26,15.27,0,0
2016-02-18,07:40:00,15.266,15.273,15.266,15.27,0,0
2016-02-18,07:45:00,15.274,15.274,15.265,15.27,0,0
2016-02-18,07:50:00,15.27,15.273,15.265,15.27,0,0
2016-02-18,07:55:00,15.27,15.272,15.26,15.27,0,0
2016-02-18,08:00:00,15.26,15.27,15.25,15.26,0,0
2016-02-18,08:05:00,15.261,15.261,15.24,15.24,0,0
2016-02-18,08:10:00,15.24,15.241,15.23,15.24,0,0
2016-02-18,08:15:00,15.239,15.24,15.23,15.23,0,0
2016-02-18,08:20:00,15.23,15.24,15.23,15.24,0,0
2016-02-18,08:25:00,15.24,15.241,15.23,15.23,0,0
2016-02-18,08:30:00,15.23,15.241,15.22,15.24,0,0
2016-02-18,08:35:00,15.25,15.26,15.24,15.26,0,0
2016-02-18,08:40:00,15.26,15.26,15.249,15.26,0,0
2016-02-18,08:45:00,15.26,15.26,15.249,15.26,0,0
2016-02-18,08:50:00,15.257,15.26,15.25,15.253,0,0
2016-02-18,08:55:00,15.25,15.26,15.25,15.25,0,0
2016-02-18,09:00:00,15.25,15.25,15.24,15.24,0,0
2016-02-18,09:05:00,15.24,15.25,15.24,15.24,0,0
2016-02-18,09:10:00,15.24,15.25,15.237,15.24,0,0
2016-02-18,09:15:00,15.23,15.24,15.22,15.22,0,0
2016-02-18,09:20:00,15.22,15.23,15.22,15.23,0,0
2016-02-18,09:25:00,15.23,15.23,15.22,15.23,0,0
2016-02-18,09:30:00,15.23,15.24,15.22,15.24,0,0
2016-02-18,09:35:00,15.23,15.25,15.23,15.24,0,0
2016-02-18,09:40:00,15.24,15.255,15.24,15.25,0,0
2016-02-18,09:45:00,15.24,15.25,15.24,15.242,0,0
2016-02-18,09:50:00,15.242,15.243,15.23,15.23,0,0
2016-02-18,09:55:00,15.23,15.255,15.23,15.24,0,0
2016-02-18,10:00:00,15.245,15.254,15.243,15.243,0,0
2016-02-18,10:05:00,15.243,15.26,15.24,15.25,0,0
2016-02-18,10:10:00,15.24,15.26,15.24,15.25,0,0
2016-02-18,10:15:00,15.247,15.265,15.245,15.25,0,0
2016-02-18,10:20:00,15.25,15.26,15.25,15.26,0,0
2016-02-18,10:25:00,15.26,15.26,15.247,15.25,0,0
2016-02-18,10:30:00,15.249,15.25,15.248,15.25,0,0
2016-02-18,10:35:00,15.249,15.251,15.249,15.25,0,0
2016-02-18,10:40:00,15.245,15.265,15.245,15.248,0,0
2016-02-18,10:45:00,15.248,15.248,15.238,15.239,0,0
2016-02-18,10:50:00,15.239,15.25,15.239,15.24,0,0
2016-02-18,10:55:00,15.24,15.25,15.239,15.239,0,0
2016-02-18,11:00:00,15.24,15.25,15.24,15.24,0,0
2016-02-18,11:05:00,15.24,15.25,15.235,15.24,0,0
2016-02-18,11:10:00,15.243,15.244,15.238,15.242,0,0
2016-02-18,11:15:00,15.242,15.242,15.23,15.24,0,0
2016-02-18,11:20:00,15.23,15.243,15.23,15.24,0,0
2016-02-18,11:25:00,15.23,15.24,15.23,15.23,0,0
2016-02-18,11:30:00,15.24,15.24,15.23,15.23,0,0
2016-02-18,11:35:00,15.23,15.23,15.22,15.23,0,0
2016-02-18,11:40:00,15.23,15.24,15.23,15.23,0,0
2016-02-18,11:45:00,15.23,15.241,15.23,15.24,0,0
2016-02-18,11:50:00,15.24,15.24,15.23,15.23,0,0
2016-02-18,11:55:00,15.23,15.24,15.23,15.233,0,0
2016-02-18,12:00:00,15.23,15.234,15.21,15.22,0,0
2016-02-18,12:05:00,15.22,15.23,15.21,15.22,0,0
2016-02-18,12:10:00,15.223,15.224,15.22,15.22,0,0
2016-02-18,12:15:00,15.218,15.23,15.21,15.22,0,0
2016-02-18,12:20:00,15.22,15.235,15.22,15.23,0,0
2016-02-18,12:25:00,15.23,15.242,15.22,15.24,0,0
2016-02-18,12:30:00,15.244,15.25,15.23,15.24,0,0
2016-02-18,12:35:00,15.244,15.26,15.22,15.25,0,0
2016-02-18,12:40:00,15.25,15.26,15.24,15.25,0,0
2016-02-18,12:45:00,15.24,15.24,15.22,15.24,0,0
2016-02-18,12:50:00,15.24,15.25,15.235,15.24,0,0
2016-02-18,12:55:00,15.245,15.255,15.24,15.24,0,0
2016-02-18,13:00:00,15.239,15.25,15.23,15.25,0,0
2016-02-18,13:05:00,15.24,15.27,15.24,15.26,0,0
2016-02-18,13:10:00,15.26,15.27,15.26,15.26,0,0
2016-02-18,13:15:00,15.26,15.265,15.25,15.25,0,0
2016-02-18,13:20:00,15.251,15.28,15.249,15.28,0,0
2016-02-18,13:25:00,15.28,15.33,15.28,15.32,0,0
2016-02-18,13:30:00,15.33,15.33,15.305,15.311,0,0
2016-02-18,13:35:00,15.31,15.31,15.297,15.3,0,0
2016-02-18,13:40:00,15.297,15.3,15.29,15.29,0,0
2016-02-18,13:45:00,15.29,15.29,15.26,15.26,0,0
2016-02-18,13:50:00,15.26,15.27,15.24,15.25,0,0
2016-02-18,13:55:00,15.25,15.27,15.24,15.27,0,0
2016-02-18,14:00:00,15.26,15.265,15.255,15.26,0,0
2016-02-18,14:05:00,15.26,15.27,15.26,15.26,0,0
2016-02-18,14:10:00,15.26,15.27,15.26,15.26,0,0
2016-02-18,14:15:00,15.27,15.27,15.26,15.27,0,0
2016-02-18,14:20:00,15.27,15.3,15.27,15.29,0,0
2016-02-18,14:25:00,15.28,15.3,15.28,15.29,0,0
2016-02-18,14:30:00,15.29,15.3,15.28,15.29,0,0
2016-02-18,14:35:00,15.29,15.29,15.26,15.28,0,0
2016-02-18,14:40:00,15.27,15.28,15.26,15.28,0,0
2016-02-18,14:45:00,15.27,15.281,15.27,15.28,0,0
2016-02-18,14:50:00,15.28,15.28,15.26,15.27,0,0
2016-02-18,14:55:00,15.27,15.272,15.25,15.26,0,0
2016-02-18,15:00:00,15.27,15.27,15.25,15.26,0,0
2016-02-18,15:05:00,15.26,15.26,15.24,15.25,0,0
2016-02-18,15:10:00,15.25,15.26,15.24,15.26,0,0
2016-02-18,15:15:00,15.26,15.27,15.25,15.26,0,0
2016-02-18,15:20:00,15.27,15.27,15.25,15.26,0,0
2016-02-18,15:25:00,15.258,15.26,15.25,15.26,0,0
2016-02-18,15:30:00,15.26,15.26,15.25,15.255,0,0
2016-02-18,15:35:00,15.25,15.29,15.24,15.28,0,0
2016-02-18,15:40:00,15.29,15.3,15.27,15.28,0,0
2016-02-18,15:45:00,15.29,15.31,15.28,15.31,0,0
2016-02-18,15:50:00,15.31,15.33,15.306,15.32,0,0
2016-02-18,15:55:00,15.32,15.33,15.31,15.31,0,0
2016-02-18,16:00:00,15.31,15.32,15.31,15.31,0,0
2016-02-18,16:05:00,15.32,15.34,15.32,15.335,0,0
2016-02-18,16:10:00,15.3135,15.335,15.3115,15.335,0,0
2016-02-18,16:15:00,15.3265,15.335,15.3215,15.335,0,0
2016-02-18,16:20:00,15.3215,15.335,15.3215,15.335,0,0
2016-02-18,16:25:00,15.3345,15.3405,15.3345,15.335,0,0
2016-02-18,16:30:00,15.3365,15.3365,15.335,15.335,0,0
2016-02-18,16:35:00,15.3365,15.3395,15.3265,15.3315,0,0
2016-02-18,16:40:00,15.3335,15.3405,15.3305,15.3315,0,0
2016-02-18,16:45:00,15.3365,15.3575,15.3365,15.3465,0,0
2016-02-18,16:50:00,15.3515,15.3555,15.3405,15.3515,0,0
2016-02-18,16:55:00,15.3525,15.3565,15.3425,15.3515,0,0
2016-02-18,17:00:00,15.3545,15.3555,15.3425,15.3515,0,0
2016-02-18,17:05:00,15.3585,15.3825,15.3565,15.3805,0,0
2016-02-18,17:10:00,15.3815,15.3885,15.3715,15.3765,0,0
2016-02-18,17:15:00,15.3815,15.3815,15.3465,15.3515,0,0
2016-02-18,17:20:00,15.3525,15.3715,15.3525,15.3675,0,0
2016-02-18,17:25:00,15.3665,15.3795,15.3665,15.3775,0,0
2016-02-18,17:30:00,15.3775,15.3775,15.3615,15.3665,0,0
2016-02-18,17:35:00,15.3675,15.3755,15.3675,15.3725,0,0
2016-02-18,17:40:00,15.3695,15.3725,15.3625,15.3625,0,0
2016-02-18,17:45:00,15.3625,15.3725,15.3605,15.3725,0,0
2016-02-18,17:50:00,15.3725,15.3845,15.3725,15.3775,0,0
2016-02-18,17:55:00,15.3795,15.3875,15.3765,15.3855,0,0
2016-02-18,18:00:00,15.3875,15.3875,15.3725,15.3745,0,0
2016-02-18,18:05:00,15.3775,15.3835,15.3725,15.3835,0,0
2016-02-18,18:10:00,15.3795,15.3985,15.3775,15.3935,0,0
2016-02-18,18:15:00,15.3935,15.4125,15.3935,15.4025,0,0
2016-02-18,18:20:00,15.4025,15.4055,15.3975,15.4015,0,0
2016-02-18,18:25:00,15.4025,15.4025,15.3875,15.3875,0,0
2016-02-18,18:30:00,15.3895,15.3925,15.3825,15.3925,0,0
2016-02-18,18:35:00,15.3915,15.3975,15.3915,15.3965,0,0
2016-02-18,18:40:00,15.3965,15.4035,15.3935,15.4025,0,0
2016-02-18,18:45:00,15.4035,15.4245,15.4015,15.4185,0,0
2016-02-18,18:50:00,15.4205,15.4275,15.4135,15.4275,0,0
2016-02-18,18:55:00,15.4275,15.4495,15.4265,15.4425,0,0
2016-02-18,19:00:00,15.4415,15.4635,15.4385,15.4625,0,0
2016-02-18,19:05:00,15.4585,15.4635,15.4255,15.4375,0,0
2016-02-18,19:10:00,15.4435,15.4635,15.4425,15.4475,0,0
2016-02-18,19:15:00,15.4425,15.4475,15.4275,15.4325,0,0
2016-02-18,19:20:00,15.4355,15.4375,15.4275,15.4285,0,0
2016-02-18,19:25:00,15.4275,15.4375,15.4005,15.4005,0,0
2016-02-18,19:30:00,15.4015,15.4235,15.3955,15.4235,0,0
2016-02-18,19:35:00,15.4205,15.4235,15.4115,15.4175,0,0
2016-02-18,19:40:00,15.4205,15.4475,15.4205,15.4375,0,0
2016-02-18,19:45:00,15.4425,15.4535,15.4255,15.4425,0,0
2016-02-18,19:50:00,15.4425,15.4735,15.4375,15.4705,0,0
2016-02-18,19:55:00,15.4735,15.4995,15.4675,15.4685,0,0
2016-02-18,20:00:00,15.4695,15.4705,15.4495,15.4655,0,0
2016-02-18,20:05:00,15.4625,15.4705,15.4555,15.4625,0,0
2016-02-18,20:10:00,15.4655,15.4655,15.4505,15.4505,0,0
2016-02-18,20:15:00,15.4505,15.4665,15.4505,15.4615,0,0
2016-02-18,20:20:00,15.4605,15.4755,15.4605,15.4645,0,0
2016-02-18,20:25:00,15.4645,15.4655,15.4455,15.4555,0,0
2016-02-18,20:30:00,15.4555,15.4605,15.4455,15.4505,0,0
2016-02-18,20:35:00,15.4555,15.4555,15.4355,15.4505,0,0
2016-02-18,20:40:00,15.4475,15.4555,15.4355,15.4475,0,0
2016-02-18,20:45:00,15.4505,15.4605,15.4505,15.4605,0,0
2016-02-18,20:50:00,15.4655,15.4705,15.4605,15.4655,0,0
2016-02-18,20:55:00,15.4605,15.4645,15.4605,15.4645,0,0
2016-02-18,21:00:00,15.4645,15.4795,15.4645,15.4695,0,0
2016-02-18,21:05:00,15.4695,15.4815,15.4695,15.4805,0,0
2016-02-18,21:10:00,15.4825,15.5005,15.4805,15.5005,0,0
2016-02-18,21:15:00,15.5055,15.5105,15.4895,15.5035,0,0
2016-02-18,21:20:00,15.5035,15.5035,15.4835,15.4885,0,0
2016-02-18,21:25:00,15.4935,15.5015,15.4885,15.4885,0,0
2016-02-18,21:30:00,15.4935,15.5025,15.4935,15.4935,0,0
2016-02-18,21:35:00,15.4935,15.4965,15.4815,15.4945,0,0
2016-02-18,21:40:00,15.4935,15.4945,15.4655,15.4715,0,0
2016-02-18,21:45:00,15.4725,15.5305,15.4725,15.5305,0,0
2016-02-18,21:50:00,15.5355,15.5505,15.5345,15.5455,0,0
2016-02-18,21:55:00,15.5495,15.5505,15.5055,15.5055,0,0
2016-02-18,22:00:00,15.5005,15.5205,15.4955,15.5005,0,0
2016-02-18,22:05:00,15.5005,15.5105,15.4905,15.4905,0,0
2016-02-18,22:10:00,15.4925,15.4975,15.4705,15.4745,0,0
2016-02-18,22:15:00,15.4705,15.4795,15.4705,15.4745,0,0
2016-02-18,22:20:00,15.4705,15.4705,15.4625,15.4655,0,0
2016-02-18,22:25:00,15.4695,15.4695,15.4605,15.4625,0,0
2016-02-18,22:30:00,15.4625,15.4625,15.4495,15.4495,0,0
2016-02-18,22:35:00,15.4475,15.4475,15.4455,15.4455,0,0
2016-02-18,22:40:00,15.4445,15.4445,15.4195,15.4195,0,0
2016-02-18,22:45:00,15.4175,15.4245,15.4145,15.4175,0,0
2016-02-18,22:50:00,15.4145,15.4225,15.4125,15.4125,0,0
2016-02-18,22:55:00,15.4105,15.4175,15.3965,15.3965,0,0
2016-02-18,23:00:00,15.394,15.4035,15.3825,15.4035,0,0
2016-02-18,23:05:00,15.4035,15.4035,15.4035,15.4035,0,0
2016-02-19,01:35:00,15.4345,15.4355,15.4115,15.4175,0,0
2016-02-19,01:40:00,15.4185,15.4215,15.4175,15.4175,0,0
2016-02-19,01:45:00,15.4135,15.4235,15.4125,15.4235,0,0
2016-02-19,01:50:00,15.4225,15.4385,15.4225,15.4345,0,0
2016-02-19,01:55:00,15.4365,15.4485,15.4335,15.4415,0,0
2016-02-19,02:00:00,15.4425,15.4515,15.4385,15.4445,0,0
2016-02-19,02:05:00,15.4475,15.4475,15.4115,15.4225,0,0
2016-02-19,02:10:00,15.4215,15.4225,15.3885,15.3965,0,0
2016-02-19,02:15:00,15.3935,15.3985,15.3895,15.3935,0,0
2016-02-19,02:20:00,15.3925,15.3955,15.3845,15.3885,0,0
2016-02-19,02:25:00,15.3925,15.3925,15.3625,15.3655,0,0
2016-02-19,02:30:00,15.3675,15.3705,15.3495,15.3605,0,0
2016-02-19,02:35:00,15.3515,15.3555,15.3205,15.3235,0,0
2016-02-19,02:40:00,15.3265,15.3585,15.3245,15.3575,0,0
2016-02-19,02:45:00,15.3545,15.3695,15.3545,15.3635,0,0
2016-02-19,02:50:00,15.3685,15.3785,15.3665,15.3765,0,0
2016-02-19,02:55:00,15.3755,15.3835,15.3705,15.3835,0,0
2016-02-19,03:00:00,15.3785,15.3795,15.3735,15.3735,0,0
2016-02-19,03:05:00,15.3705,15.3735,15.3635,15.3685,0,0
2016-02-19,03:10:00,15.3705,15.3825,15.3685,15.3825,0,0
2016-02-19,03:15:00,15.3805,15.3835,15.3755,15.3785,0,0
2016-02-19,03:20:00,15.3785,15.3835,15.3785,15.3785,0,0
2016-02-19,03:25:00,15.3805,15.3835,15.3785,15.3835,0,0
2016-02-19,03:30:00,15.3885,15.3885,15.3835,15.3835,0,0
2016-02-19,03:35:00,15.3835,15.3835,15.3735,15.3735,0,0
2016-02-19,03:40:00,15.3725,15.3735,15.3665,15.3675,0,0
2016-02-19,03:45:00,15.3685,15.3735,15.3675,15.3735,0,0
2016-02-19,03:50:00,15.3745,15.3765,15.3715,15.3745,0,0
2016-02-19,03:55:00,15.3745,15.3835,15.3745,15.3805,0,0
2016-02-19,04:00:00,15.3805,15.3835,15.3785,15.3785,0,0
2016-02-19,04:05:00,15.3795,15.3795,15.3735,15.3745,0,0
2016-02-19,04:10:00,15.3755,15.3835,15.3725,15.3755,0,0
2016-02-19,04:15:00,15.3785,15.3795,15.3735,15.3735,0,0
2016-02-19,04:20:00,15.3755,15.3835,15.3735,15.3835,0,0
2016-02-19,04:25:00,15.3835,15.3885,15.3835,15.3885,0,0
2016-02-19,04:30:00,15.3835,15.3885,15.3745,15.3745,0,0
2016-02-19,04:35:00,15.3755,15.3755,15.3535,15.3635,0,0
2016-02-19,04:40:00,15.3645,15.3645,15.3635,15.3635,0,0
2016-02-19,04:45:00,15.3645,15.3695,15.3645,15.3685,0,0
2016-02-19,04:55:00,15.3655,15.3685,15.3635,15.3635,0,0
2016-02-19,05:00:00,15.3675,15.3685,15.3635,15.3685,0,0
2016-02-19,05:05:00,15.3725,15.3735,15.3655,15.3725,0,0
2016-02-19,05:10:00,15.3685,15.3735,15.3685,15.3735,0,0
2016-02-19,05:15:00,15.3725,15.3825,15.3685,15.3825,0,0
2016-02-19,05:20:00,15.3835,15.3835,15.3765,15.3825,0,0
2016-02-19,05:25:00,15.3785,15.3835,15.3775,15.3775,0,0
2016-02-19,05:30:00,15.3825,15.3825,15.3755,15.3825,0,0
2016-02-19,05:35:00,15.3815,15.3825,15.3735,15.3735,0,0
2016-02-19,05:45:00,15.3745,15.3745,15.3735,15.3735,0,0
2016-02-19,05:50:00,15.3785,15.3785,15.3775,15.3785,0,0
2016-02-19,05:55:00,15.3825,15.3935,15.3685,15.3695,0,0
2016-02-19,06:00:00,15.3745,15.3845,15.3745,15.3835,0,0
2016-02-19,06:05:00,15.3845,15.3855,15.3735,15.3755,0,0
2016-02-19,06:10:00,15.3765,15.3775,15.3745,15.3745,0,0
2016-02-19,06:15:00,15.3745,15.3745,15.3695,15.3695,0,0
2016-02-19,06:20:00,15.3685,15.3745,15.3685,15.3725,0,0
2016-02-19,06:25:00,15.3745,15.3785,15.3685,15.3765,0,0
2016-02-19,06:30:00,15.3745,15.3785,15.3645,15.3785,0,0
2016-02-19,06:35:00,15.3775,15.3795,15.3685,15.3695,0,0
2016-02-19,06:40:00,15.3695,15.3695,15.3635,15.3635,0,0
2016-02-19,06:45:00,15.3595,15.3635,15.3545,15.3615,0,0
2016-02-19,06:50:00,15.3635,15.3715,15.3595,15.3695,0,0
2016-02-19,06:55:00,15.3695,15.3745,15.3695,15.3745,0,0
2016-02-19,07:00:00,15.3735,15.3745,15.3695,15.3745,0,0
2016-02-19,07:05:00,15.3745,15.3785,15.3695,15.3735,0,0
2016-02-19,07:10:00,15.3765,15.3835,15.3735,15.3835,0,0
2016-02-19,07:15:00,15.3885,15.3915,15.3845,15.3895,0,0
2016-02-19,07:20:00,15.3895,15.3995,15.3895,15.3935,0,0
2016-02-19,07:25:00,15.3935,15.4025,15.3895,15.4025,0,0
2016-02-19,07:30:00,15.4025,15.4055,15.3915,15.3955,0,0
2016-02-19,07:35:00,15.3985,15.4055,15.3955,15.4015,0,0
2016-02-19,07:40:00,15.4015,15.4105,15.3985,15.4105,0,0
2016-02-19,07:45:00,15.4095,15.4105,15.4005,15.4055,0,0
2016-02-19,07:50:00,15.4065,15.4105,15.4055,15.4055,0,0
2016-02-19,07:55:00,15.4055,15.4065,15.4015,15.4015,0,0
2016-02-19,08:00:00,15.4045,15.4065,15.3945,15.3945,0,0
2016-02-19,08:05:00,15.3945,15.4065,15.3945,15.3995,0,0
2016-02-19,08:10:00,15.3975,15.4015,15.3895,15.3895,0,0
2016-02-19,08:15:00,15.3895,15.3925,15.3825,15.3845,0,0
2016-02-19,08:20:00,15.3835,15.3925,15.3745,15.3845,0,0
2016-02-19,08:25:00,15.3855,15.3895,15.3795,15.3815,0,0
2016-02-19,08:30:00,15.3755,15.3875,15.3745,15.3745,0,0
2016-02-19,08:35:00,15.3745,15.3815,15.3695,15.3775,0,0
2016-02-19,08:40:00,15.3745,15.3865,15.3395,15.3455,0,0
2016-02-19,08:45:00,15.3455,15.3515,15.3295,15.3345,0,0
2016-02-19,08:50:00,15.3385,15.3445,15.3295,15.3415,0,0
2016-02-19,08:55:00,15.3395,15.3595,15.3395,15.3565,0,0
2016-02-19,09:00:00,15.3515,15.3645,15.3495,15.3645,0,0
2016-02-19,09:05:00,15.3665,15.3775,15.3535,15.3615,0,0
2016-02-19,09:10:00,15.3625,15.3765,15.3555,15.3655,0,0
2016-02-19,09:15:00,15.3645,15.3775,15.3395,15.3495,0,0
2016-02-19,09:20:00,15.3525,15.3775,15.3495,15.3775,0,0
2016-02-19,09:25:00,15.3775,15.4045,15.3695,15.4045,0,0
2016-02-19,09:30:00,15.4095,15.4275,15.4005,15.4045,0,0
2016-02-19,09:35:00,15.4075,15.4325,15.4025,15.4225,0,0
2016-02-19,09:40:00,15.4215,15.4425,15.4055,15.4375,0,0
2016-02-19,09:45:00,15.4425,15.4705,15.4165,15.4225,0,0
2016-02-19,09:50:00,15.4245,15.4385,15.4215,15.4215,0,0
2016-02-19,09:55:00,15.4175,15.4285,15.3995,15.3995,0,0
2016-02-19,10:00:00,15.4035,15.4035,15.3845,15.3905,0,0
2016-02-19,10:05:00,15.3935,15.4035,15.3815,15.3915,0,0
2016-02-19,10:10:00,15.3925,15.3985,15.3705,15.3705,0,0
2016-02-19,10:15:00,15.3705,15.3815,15.3655,15.3785,0,0
2016-02-19,10:20:00,15.3825,15.3935,15.3755,15.3875,0,0
2016-02-19,10:25:00,15.3855,15.3875,15.3715,15.3725,0,0
2016-02-19,10:30:00,15.3715,15.3725,15.3655,15.3675,0,0
2016-02-19,10:35:00,15.3665,15.3725,15.3615,15.3615,0,0
2016-02-19,10:40:00,15.3615,15.3675,15.3565,15.3615,0,0
2016-02-19,10:45:00,15.3575,15.3635,15.3545,15.3565,0,0
2016-02-19,10:50:00,15.3515,15.3615,15.3515,15.3555,0,0
2016-02-19,10:55:00,15.3545,15.3575,15.3375,15.3375,0,0
2016-02-19,11:00:00,15.3355,15.3565,15.3355,15.3475,0,0
2016-02-19,11:05:00,15.3435,15.3495,15.3235,15.3375,0,0
2016-02-19,11:10:00,15.3425,15.3425,15.2765,15.2815,0,0
2016-02-19,11:15:00,15.2855,15.3175,15.2765,15.3085,0,0
2016-02-19,11:20:00,15.3085,15.3125,15.2975,15.2985,0,0
2016-02-19,11:25:00,15.2975,15.3035,15.2915,15.3035,0,0
2016-02-19,11:30:00,15.3025,15.3125,15.2975,15.3075,0,0
2016-02-19,11:35:00,15.3045,15.3145,15.2935,15.3125,0,0
2016-02-19,11:40:00,15.3095,15.3125,15.3075,15.3105,0,0
2016-02-19,11:45:00,15.3125,15.3225,15.3075,15.3205,0,0
2016-02-19,11:50:00,15.3225,15.3225,15.3105,15.3145,0,0
2016-02-19,11:55:00,15.3125,15.3225,15.3125,15.3125,0,0
2016-02-19,12:00:00,15.3155,15.3185,15.3035,15.3075,0,0
2016-02-19,12:05:00,15.3075,15.3325,15.3025,15.3225,0,0
2016-02-19,12:10:00,15.3205,15.3275,15.3205,15.3225,0,0
2016-02-19,12:15:00,15.3225,15.3375,15.3225,15.3325,0,0
2016-02-19,12:20:00,15.3375,15.3375,15.3325,15.3375,0,0
2016-02-19,12:25:00,15.3425,15.3505,15.3325,15.3425,0,0
2016-02-19,12:30:00,15.3425,15.3425,15.3325,15.3325,0,0
2016-02-19,12:35:00,15.3375,15.3475,15.3325,15.3425,0,0
2016-02-19,12:40:00,15.3475,15.3525,15.336,15.34,0,0
2016-02-19,12:45:00,15.34,15.35,15.33,15.34,0,0
2016-02-19,12:50:00,15.35,15.38,15.34,15.38,0,0
2016-02-19,12:55:00,15.38,15.4,15.37,15.37,0,0
2016-02-19,13:00:00,15.369,15.38,15.36,15.38,0,0
2016-02-19,13:05:00,15.37,15.43,15.37,15.43,0,0
2016-02-19,13:10:00,15.44,15.44,15.41,15.42,0,0
2016-02-19,13:15:00,15.419,15.45,15.419,15.44,0,0
2016-02-19,13:20:00,15.45,15.45,15.438,15.44,0,0
2016-02-19,13:25:00,15.44,15.465,15.42,15.45,0,0
2016-02-19,13:30:00,15.45,15.48,15.45,15.46,0,0
2016-02-19,13:35:00,15.46,15.46,15.44,15.45,0,0
2016-02-19,13:40:00,15.45,15.47,15.44,15.47,0,0
2016-02-19,13:45:00,15.47,15.48,15.45,15.46,0,0
2016-02-19,13:50:00,15.456,15.47,15.455,15.47,0,0
2016-02-19,13:55:00,15.47,15.47,15.456,15.46,0,0
2016-02-19,14:00:00,15.458,15.46,15.43,15.44,0,0
2016-02-19,14:05:00,15.44,15.44,15.425,15.43,0,0
2016-02-19,14:10:00,15.44,15.46,15.44,15.44,0,0
2016-02-19,14:15:00,15.45,15.45,15.42,15.43,0,0
2016-02-19,14:20:00,15.42,15.44,15.42,15.43,0,0
2016-02-19,14:25:00,15.41,15.44,15.4,15.41,0,0
2016-02-19,14:30:00,15.4,15.41,15.39,15.41,0,0
2016-02-19,14:35:00,15.42,15.42,15.35,15.36,0,0
2016-02-19,14:40:00,15.35,15.36,15.33,15.35,0,0
2016-02-19,14:45:00,15.35,15.39,15.35,15.39,0,0
2016-02-19,14:50:00,15.39,15.39,15.37,15.38,0,0
2016-02-19,14:55:00,15.39,15.4,15.37,15.38,0,0
2016-02-19,15:00:00,15.38,15.41,15.36,15.41,0,0
2016-02-19,15:05:00,15.41,15.42,15.38,15.39,0,0
2016-02-19,15:10:00,15.4,15.4,15.36,15.37,0,0
2016-02-19,15:15:00,15.37,15.37,15.34,15.35,0,0
2016-02-19,15:20:00,15.34,15.36,15.34,15.35,0,0
2016-02-19,15:25:00,15.36,15.37,15.35,15.35,0,0
2016-02-19,15:30:00,15.36,15.36,15.35,15.35,0,0
2016-02-19,15:35:00,15.34,15.36,15.34,15.36,0,0
2016-02-19,15:40:00,15.36,15.39,15.36,15.38,0,0
2016-02-19,15:45:00,15.38,15.39,15.37,15.37,0,0
2016-02-19,15:50:00,15.38,15.4,15.36,15.4,0,0
2016-02-19,15:55:00,15.4,15.4,15.36,15.37,0,0
2016-02-19,16:00:00,15.37,15.37,15.35,15.37,0,0
2016-02-19,16:05:00,15.37,15.4,15.37,15.38,0,0
2016-02-19,16:10:00,15.38,15.38,15.36,15.38,0,0
2016-02-19,16:15:00,15.373,15.39,15.37,15.37,0,0
2016-02-19,16:20:00,15.37,15.38,15.35,15.36,0,0
2016-02-19,16:25:00,15.35,15.37,15.35,15.36,0,0
2016-02-19,16:30:00,15.36,15.38,15.36,15.38,0,0
2016-02-19,16:35:00,15.38,15.39,15.37,15.38,0,0
2016-02-19,16:40:00,15.37,15.38,15.36,15.37,0,0
2016-02-19,16:45:00,15.38,15.38,15.36,15.38,0,0
2016-02-19,16:50:00,15.38,15.38,15.35,15.36,0,0
2016-02-19,16:55:00,15.37,15.38,15.36,15.38,0,0
2016-02-19,17:00:00,15.38,15.38,15.36,15.37,0,0
2016-02-19,17:05:00,15.38,15.4,15.37,15.39,0,0
2016-02-19,17:10:00,15.4,15.41,15.39,15.4,0,0
2016-02-19,17:15:00,15.4,15.4,15.39,15.39,0,0
2016-02-19,17:20:00,15.39,15.4,15.38,15.38,0,0
2016-02-19,17:25:00,15.38,15.39,15.38,15.39,0,0
2016-02-19,17:30:00,15.39,15.4,15.38,15.39,0,0
2016-02-19,17:35:00,15.39,15.4,15.38,15.39,0,0
2016-02-19,17:40:00,15.4,15.405,15.39,15.4,0,0
2016-02-19,17:45:00,15.41,15.41,15.4,15.4,0,0
2016-02-19,17:50:00,15.41,15.42,15.4,15.41,0,0
2016-02-19,17:55:00,15.42,15.42,15.41,15.41,0,0
2016-02-19,18:00:00,15.41,15.43,15.41,15.42,0,0
2016-02-19,18:05:00,15.43,15.43,15.41,15.42,0,0
2016-02-19,18:10:00,15.42,15.42,15.4,15.41,0,0
2016-02-19,18:15:00,15.41,15.41,15.4,15.41,0,0
2016-02-19,18:20:00,15.41,15.42,15.41,15.42,0,0
2016-02-19,18:25:00,15.43,15.435,15.428,15.43,0,0
2016-02-19,18:30:00,15.44,15.44,15.415,15.431,0,0
2016-02-19,18:35:00,15.431,15.431,15.42,15.43,0,0
2016-02-19,18:40:00,15.43,15.435,15.428,15.43,0,0
2016-02-19,18:45:00,15.427,15.43,15.42,15.42,0,0
2016-02-19,18:50:00,15.42,15.42,15.4,15.41,0,0
2016-02-19,18:55:00,15.413,15.413,15.405,15.41,0,0
2016-02-19,19:00:00,15.42,15.42,15.398,15.4,0,0
2016-02-19,19:05:00,15.4,15.4,15.39,15.4,0,0
2016-02-19,19:10:00,15.39,15.39,15.38,15.39,0,0
2016-02-19,19:15:00,15.38,15.385,15.37,15.38,0,0
2016-02-19,19:20:00,15.37,15.37,15.36,15.37,0,0
2016-02-19,19:25:00,15.371,15.371,15.35,15.36,0,0
2016-02-19,19:30:00,15.36,15.371,15.36,15.37,0,0
2016-02-19,19:35:00,15.38,15.39,15.37,15.39,0,0
2016-02-19,19:40:00,15.39,15.41,15.39,15.4,0,0
2016-02-19,19:45:00,15.4,15.401,15.39,15.4,0,0
2016-02-19,19:50:00,15.393,15.4,15.39,15.39,0,0
2016-02-19,19:55:00,15.39,15.4,15.39,15.39,0,0
2016-02-19,20:00:00,15.39,15.4,15.39,15.39,0,0
2016-02-19,20:05:00,15.39,15.4,15.388,15.392,0,0
2016-02-19,20:10:00,15.392,15.4,15.38,15.38,0,0
2016-02-19,20:15:00,15.39,15.391,15.375,15.39,0,0
2016-02-19,20:20:00,15.39,15.391,15.38,15.39,0,0
2016-02-19,20:25:00,15.39,15.4,15.39,15.4,0,0
2016-02-19,20:30:00,15.395,15.405,15.385,15.4,0,0
2016-02-19,20:35:00,15.395,15.405,15.395,15.4,0,0
2016-02-19,20:40:00,15.404,15.405,15.4,15.405,0,0
2016-02-19,20:45:00,15.405,15.41,15.395,15.4,0,0
2016-02-19,20:50:00,15.404,15.41,15.4,15.41,0,0
2016-02-19,20:55:00,15.409,15.41,15.4,15.404,0,0
2016-02-19,21:00:00,15.405,15.41,15.39,15.39,0,0
2016-02-19,21:05:00,15.394,15.4,15.38,15.38,0,0
2016-02-19,21:10:00,15.37,15.38,15.36,15.36,0,0
2016-02-19,21:15:00,15.36,15.38,15.36,15.379,0,0
2016-02-19,21:20:00,15.38,15.38,15.37,15.38,0,0
2016-02-19,21:25:00,15.375,15.385,15.375,15.38,0,0
2016-02-19,21:30:00,15.381,15.39,15.375,15.38,0,0
2016-02-19,21:35:00,15.38,15.38,15.37,15.38,0,0
2016-02-19,21:40:00,15.37,15.385,15.35,15.35,0,0
2016-02-19,21:45:00,15.34,15.351,15.34,15.35,0,0
2016-02-19,21:50:00,15.35,15.37,15.35,15.36,0,0
2016-02-19,21:55:00,15.366,15.37,15.36,15.363,0,0
2016-02-19,22:00:00,15.36,15.37,15.355,15.37,0,0
2016-02-22,01:35:00,15.31,15.323,15.308,15.32,0,0
2016-02-22,01:40:00,15.322,15.322,15.31,15.31,0,0
2016-02-22,01:45:00,15.32,15.327,15.32,15.32,0,0
2016-02-22,01:50:00,15.322,15.33,15.32,15.33,0,0
2016-02-22,01:55:00,15.33,15.332,15.32,15.32,0,0
2016-02-22,02:00:00,15.32,15.332,15.32,15.33,0,0
2016-02-22,02:05:00,15.33,15.341,15.32,15.32,0,0
2016-02-22,02:10:00,15.32,15.33,15.31,15.33,0,0
2016-02-22,02:15:00,15.33,15.33,15.31,15.31,0,0
2016-02-22,02:20:00,15.316,15.32,15.31,15.31,0,0
2016-02-22,02:25:00,15.309,15.32,15.309,15.31,0,0
2016-02-22,02:30:00,15.31,15.312,15.3,15.31,0,0
2016-02-22,02:35:00,15.3,15.315,15.3,15.303,0,0
2016-02-22,02:40:00,15.305,15.31,15.3,15.3,0,0
2016-02-22,02:45:00,15.3,15.3,15.28,15.3,0,0
2016-02-22,02:50:00,15.29,15.304,15.29,15.29,0,0
2016-02-22,02:55:00,15.295,15.3,15.285,15.29,0,0
2016-02-22,03:00:00,15.289,15.3,15.289,15.3,0,0
2016-02-22,03:05:00,15.29,15.3,15.285,15.29,0,0
2016-02-22,03:10:00,15.3,15.3,15.29,15.3,0,0
2016-02-22,03:15:00,15.3,15.3,15.28,15.29,0,0
2016-02-22,03:20:00,15.29,15.291,15.28,15.29,0,0
2016-02-22,03:25:00,15.3,15.3,15.28,15.28,0,0
2016-02-22,03:30:00,15.284,15.285,15.25,15.27,0,0
2016-02-22,03:35:00,15.27,15.272,15.26,15.27,0,0
2016-02-22,03:40:00,15.27,15.28,15.27,15.27,0,0
2016-02-22,03:45:00,15.28,15.28,15.26,15.27,0,0
2016-02-22,03:50:00,15.271,15.271,15.269,15.27,0,0
2016-02-22,03:55:00,15.266,15.27,15.26,15.27,0,0
2016-02-22,04:00:00,15.267,15.27,15.25,15.25,0,0
2016-02-22,04:05:00,15.25,15.257,15.24,15.24,0,0
2016-02-22,04:10:00,15.25,15.25,15.24,15.24,0,0
2016-02-22,04:15:00,15.24,15.254,15.24,15.25,0,0
2016-02-22,04:20:00,15.25,15.25,15.23,15.24,0,0
2016-02-22,04:25:00,15.239,15.252,15.23,15.252,0,0
2016-02-22,04:30:00,15.252,15.252,15.24,15.24,0,0
2016-02-22,04:35:00,15.24,15.25,15.23,15.24,0,0
2016-02-22,04:40:00,15.239,15.24,15.23,15.24,0,0
2016-02-22,04:45:00,15.241,15.25,15.24,15.24,0,0
2016-02-22,04:50:00,15.24,15.243,15.21,15.21,0,0
2016-02-22,04:55:00,15.21,15.23,15.2,15.227,0,0
2016-02-22,05:00:00,15.227,15.23,15.2,15.21,0,0
2016-02-22,05:05:00,15.21,15.231,15.21,15.23,0,0
2016-02-22,05:10:00,15.231,15.232,15.225,15.23,0,0
2016-02-22,05:15:00,15.23,15.23,15.225,15.23,0,0
2016-02-22,05:20:00,15.226,15.23,15.22,15.22,0,0
2016-02-22,05:25:00,15.221,15.23,15.22,15.23,0,0
2016-02-22,05:30:00,15.23,15.23,15.22,15.22,0,0
2016-02-22,05:35:00,15.22,15.23,15.22,15.23,0,0
2016-02-22,05:40:00,15.22,15.23,15.22,15.23,0,0
2016-02-22,05:45:00,15.23,15.24,15.227,15.23,0,0
2016-02-22,05:50:00,15.23,15.23,15.21,15.21,0,0
2016-02-22,05:55:00,15.21,15.23,15.21,15.22,0,0
2016-02-22,06:00:00,15.23,15.23,15.22,15.22,0,0
2016-02-22,06:05:00,15.221,15.23,15.22,15.225,0,0
2016-02-22,06:10:00,15.226,15.235,15.22,15.23,0,0
2016-02-22,06:15:00,15.231,15.233,15.23,15.232,0,0
2016-02-22,06:20:00,15.233,15.233,15.23,15.23,0,0
2016-02-22,06:25:00,15.233,15.24,15.23,15.24,0,0
2016-02-22,06:30:00,15.23,15.232,15.225,15.23,0,0
2016-02-22,06:35:00,15.233,15.24,15.22,15.23,0,0
2016-02-22,06:40:00,15.23,15.25,15.23,15.25,0,0
2016-02-22,06:45:00,15.24,15.25,15.24,15.24,0,0
2016-02-22,06:50:00,15.243,15.25,15.24,15.24,0,0
2016-02-22,06:55:00,15.242,15.242,15.23,15.23,0,0
2016-02-22,07:00:00,15.23,15.24,15.23,15.24,0,0
2016-02-22,07:05:00,15.25,15.25,15.24,15.246,0,0
2016-02-22,07:10:00,15.25,15.25,15.24,15.24,0,0
2016-02-22,07:15:00,15.241,15.251,15.24,15.25,0,0
2016-02-22,07:20:00,15.252,15.252,15.24,15.25,0,0
2016-02-22,07:25:00,15.25,15.25,15.24,15.25,0,0
2016-02-22,07:30:00,15.25,15.251,15.24,15.247,0,0
2016-02-22,07:35:00,15.247,15.26,15.247,15.26,0,0
2016-02-22,07:40:00,15.26,15.26,15.24,15.24,0,0
2016-02-22,07:45:00,15.25,15.25,15.24,15.24,0,0
2016-02-22,07:50:00,15.24,15.244,15.24,15.24,0,0
2016-02-22,07:55:00,15.23,15.24,15.23,15.23,0,0
2016-02-22,08:00:00,15.23,15.24,15.23,15.24,0,0
2016-02-22,08:05:00,15.23,15.238,15.23,15.237,0,0
2016-02-22,08:10:00,15.238,15.24,15.23,15.23,0,0
2016-02-22,08:15:00,15.227,15.23,15.215,15.23,0,0
2016-02-22,08:20:00,15.235,15.235,15.226,15.226,0,0
2016-02-22,08:25:00,15.23,15.23,15.22,15.23,0,0
2016-02-22,08:30:00,15.23,15.23,15.22,15.22,0,0
2016-02-22,08:35:00,15.23,15.23,15.21,15.21,0,0
2016-02-22,08:40:00,15.22,15.22,15.18,15.19,0,0
2016-02-22,08:45:00,15.18,15.2,15.18,15.19,0,0
2016-02-22,08:50:00,15.19,15.2,15.18,15.2,0,0
2016-02-22,08:55:00,15.19,15.2,15.19,15.19,0,0
2016-02-22,09:00:00,15.19,15.19,15.17,15.17,0,0
2016-02-22,09:05:00,15.172,15.19,15.17,15.18,0,0
2016-02-22,09:10:00,15.18,15.19,15.12,15.13,0,0
2016-02-22,09:15:00,15.12,15.12,15.065,15.07,0,0
2016-02-22,09:20:00,15.07,15.07,14.93,14.96,0,0
2016-02-22,09:25:00,14.95,14.99,14.95,14.99,0,0
2016-02-22,09:30:00,14.99,15,14.97,14.99,0,0
2016-02-22,09:35:00,15,15.02,14.99,15.01,0,0
2016-02-22,09:40:00,15.02,15.02,15,15.02,0,0
2016-02-22,09:45:00,15.01,15.07,15.01,15.06,0,0
2016-02-22,09:50:00,15.05,15.06,15.04,15.04,0,0
2016-02-22,09:55:00,15.03,15.06,15.03,15.05,0,0
2016-02-22,10:00:00,15.05,15.061,15.04,15.06,0,0
2016-02-22,10:05:00,15.06,15.07,15.05,15.06,0,0
2016-02-22,10:10:00,15.07,15.07,15.05,15.05,0,0
2016-02-22,10:15:00,15.04,15.07,15.04,15.06,0,0
2016-02-22,10:20:00,15.06,15.06,15.04,15.04,0,0
2016-02-22,10:25:00,15.05,15.06,15.04,15.06,0,0
2016-02-22,10:30:00,15.057,15.06,15.03,15.03,0,0
2016-02-22,10:35:00,15.03,15.05,15.03,15.05,0,0
2016-02-22,10:40:00,15.047,15.06,15.04,15.05,0,0
2016-02-22,10:45:00,15.054,15.06,15.048,15.05,0,0
2016-02-22,10:50:00,15.051,15.06,15.04,15.05,0,0
2016-02-22,10:55:00,15.05,15.05,15,15.04,0,0
2016-02-22,11:00:00,15.03,15.05,15.02,15.02,0,0
2016-02-22,11:05:00,15.03,15.04,14.99,15,0,0
2016-02-22,11:10:00,15,15.02,14.99,14.99,0,0
2016-02-22,11:15:00,14.99,15.014,14.99,15.01,0,0
2016-02-22,11:20:00,15.01,15.02,15,15,0,0
2016-02-22,11:25:00,15,15.01,14.98,14.99,0,0
2016-02-22,11:30:00,14.99,15,14.98,15,0,0
2016-02-22,11:35:00,15.01,15.01,14.99,14.99,0,0
2016-02-22,11:40:00,15,15.01,14.998,15.01,0,0
2016-02-22,11:45:00,15.01,15.02,15.008,15.02,0,0
2016-02-22,11:50:00,15.02,15.025,15.01,15.01,0,0
2016-02-22,11:55:00,15.012,15.012,15,15.01,0,0
2016-02-22,12:00:00,15.02,15.02,15.007,15.01,0,0
2016-02-22,12:05:00,15.01,15.04,15.01,15.03,0,0
2016-02-22,12:10:00,15.036,15.036,15.01,15.02,0,0
2016-02-22,12:15:00,15.02,15.022,15.01,15.02,0,0
2016-02-22,12:20:00,15.02,15.03,15.02,15.02,0,0
2016-02-22,12:25:00,15.02,15.03,15.018,15.02,0,0
2016-02-22,12:30:00,15.03,15.03,15.02,15.02,0,0
2016-02-22,12:35:00,15.02,15.03,15.014,15.02,0,0
2016-02-22,12:40:00,15.02,15.03,15.018,15.03,0,0
2016-02-22,12:45:00,15.03,15.03,15.02,15.03,0,0
2016-02-22,12:50:00,15.03,15.03,15.01,15.02,0,0
2016-02-22,12:55:00,15.01,15.03,15.01,15.02,0,0
2016-02-22,13:00:00,15.02,15.03,15.01,15.03,0,0
2016-02-22,13:05:00,15.04,15.06,15.03,15.06,0,0
2016-02-22,13:10:00,15.06,15.07,15.05,15.06,0,0
2016-02-22,13:15:00,15.06,15.07,15.05,15.06,0,0
2016-02-22,13:20:00,15.06,15.07,15.04,15.06,0,0
2016-02-22,13:25:00,15.06,15.07,15.06,15.06,0,0
2016-02-22,13:30:00,15.07,15.07,15.05,15.06,0,0
2016-02-22,13:35:00,15.058,15.07,15.04,15.07,0,0
2016-02-22,13:40:00,15.07,15.075,15.06,15.07,0,0
2016-02-22,13:45:00,15.068,15.08,15.06,15.07,0,0
2016-02-22,13:50:00,15.07,15.08,15.07,15.07,0,0
2016-02-22,13:55:00,15.073,15.073,15.06,15.06,0,0
2016-02-22,14:00:00,15.064,15.08,15.06,15.06,0,0
2016-02-22,14:05:00,15.07,15.11,15.07,15.11,0,0
2016-02-22,14:10:00,15.11,15.11,15.08,15.09,0,0
2016-02-22,14:15:00,15.1,15.1,15.09,15.093,0,0
2016-02-22,14:20:00,15.09,15.1,15.08,15.09,0,0
2016-02-22,14:25:00,15.09,15.14,15.09,15.13,0,0
2016-02-22,14:30:00,15.13,15.13,15.11,15.11,0,0
2016-02-22,14:35:00,15.11,15.13,15.11,15.11,0,0
2016-02-22,14:40:00,15.11,15.12,15.1,15.11,0,0
2016-02-22,14:45:00,15.1,15.13,15.1,15.12,0,0
2016-02-22,14:50:00,15.122,15.122,15.1,15.11,0,0
2016-02-22,14:55:00,15.1,15.12,15.09,15.11,0,0
2016-02-22,15:00:00,15.11,15.11,15.09,15.09,0,0
2016-02-22,15:05:00,15.09,15.12,15.09,15.1,0,0
2016-02-22,15:10:00,15.1,15.1,15.07,15.07,0,0
2016-02-22,15:15:00,15.08,15.1,15.07,15.09,0,0
2016-02-22,15:20:00,15.1,15.1,15.09,15.1,0,0
2016-02-22,15:25:00,15.09,15.09,15.06,15.06,0,0
2016-02-22,15:30:00,15.05,15.07,15.05,15.07,0,0
2016-02-22,15:35:00,15.06,15.09,15.06,15.08,0,0
2016-02-22,15:40:00,15.08,15.09,15.06,15.08,0,0
2016-02-22,15:45:00,15.09,15.102,15.089,15.1,0,0
2016-02-22,15:50:00,15.1,15.11,15.09,15.1,0,0
2016-02-22,15:55:00,15.11,15.17,15.1,15.15,0,0
2016-02-22,16:00:00,15.15,15.16,15.14,15.16,0,0
2016-02-22,16:05:00,15.15,15.16,15.14,15.15,0,0
2016-02-22,16:10:00,15.15,15.18,15.148,15.17,0,0
2016-02-22,16:15:00,15.17,15.23,15.17,15.22,0,0
2016-02-22,16:20:00,15.22,15.25,15.22,15.24,0,0
2016-02-22,16:25:00,15.24,15.24,15.22,15.23,0,0
2016-02-22,16:30:00,15.22,15.223,15.2,15.22,0,0
2016-02-22,16:35:00,15.22,15.22,15.21,15.21,0,0
2016-02-22,16:40:00,15.22,15.22,15.18,15.2,0,0
2016-02-22,16:45:00,15.21,15.21,15.19,15.2,0,0
2016-02-22,16:50:00,15.19,15.2,15.18,15.19,0,0
2016-02-22,16:55:00,15.19,15.2,15.18,15.2,0,0
2016-02-22,17:00:00,15.19,15.21,15.19,15.19,0,0
2016-02-22,17:05:00,15.18,15.21,15.18,15.2,0,0
2016-02-22,17:10:00,15.2,15.2,15.18,15.18,0,0
2016-02-22,17:15:00,15.18,15.18,15.15,15.17,0,0
2016-02-22,17:20:00,15.17,15.19,15.16,15.18,0,0
2016-02-22,17:25:00,15.19,15.202,15.18,15.18,0,0
2016-02-22,17:30:00,15.18,15.192,15.18,15.18,0,0
2016-02-22,17:35:00,15.19,15.2,15.185,15.2,0,0
2016-02-22,17:40:00,15.2,15.21,15.19,15.21,0,0
2016-02-22,17:45:00,15.21,15.21,15.19,15.19,0,0
2016-02-22,17:50:00,15.19,15.211,15.19,15.2,0,0
2016-02-22,17:55:00,15.205,15.21,15.19,15.19,0,0
2016-02-22,18:05:00,15.2,15.2,15.19,15.2,0,0
2016-02-22,18:10:00,15.198,15.2,15.19,15.19,0,0
2016-02-22,18:15:00,15.18,15.182,15.17,15.18,0,0
2016-02-22,18:20:00,15.18,15.2,15.18,15.18,0,0
2016-02-22,18:25:00,15.18,15.19,15.17,15.17,0,0
2016-02-22,18:30:00,15.18,15.19,15.179,15.18,0,0
2016-02-22,18:35:00,15.19,15.191,15.18,15.18,0,0
2016-02-22,18:40:00,15.185,15.185,15.16,15.16,0,0
2016-02-22,18:45:00,15.17,15.18,15.16,15.18,0,0
2016-02-22,18:50:00,15.178,15.19,15.178,15.19,0,0
2016-02-22,18:55:00,15.19,15.19,15.18,15.19,0,0
2016-02-22,19:00:00,15.19,15.191,15.187,15.191,0,0
2016-02-22,19:05:00,15.189,15.19,15.175,15.19,0,0
2016-02-22,19:10:00,15.189,15.19,15.18,15.19,0,0
2016-02-22,19:15:00,15.19,15.21,15.18,15.2,0,0
2016-02-22,19:20:00,15.2,15.2,15.18,15.18,0,0
2016-02-22,19:25:00,15.181,15.181,15.17,15.17,0,0
2016-02-22,19:30:00,15.17,15.18,15.17,15.17,0,0
2016-02-22,19:35:00,15.174,15.174,15.16,15.17,0,0
2016-02-22,19:40:00,15.16,15.173,15.16,15.17,0,0
2016-02-22,19:45:00,15.169,15.175,15.169,15.17,0,0
2016-02-22,19:50:00,15.167,15.17,15.16,15.16,0,0
2016-02-22,19:55:00,15.17,15.17,15.16,15.16,0,0
2016-02-22,20:00:00,15.16,15.17,15.16,15.16,0,0
2016-02-22,20:05:00,15.17,15.173,15.167,15.17,0,0
2016-02-22,20:10:00,15.171,15.18,15.17,15.173,0,0
2016-02-22,20:15:00,15.172,15.173,15.17,15.173,0,0
2016-02-22,20:20:00,15.174,15.18,15.17,15.18,0,0
2016-02-22,20:25:00,15.178,15.18,15.17,15.17,0,0
2016-02-22,20:30:00,15.17,15.18,15.17,15.17,0,0
2016-02-22,20:35:00,15.168,15.17,15.166,15.17,0,0
2016-02-22,20:40:00,15.171,15.171,15.155,15.17,0,0
2016-02-22,20:45:00,15.169,15.175,15.168,15.17,0,0
2016-02-22,20:50:00,15.17,15.175,15.165,15.17,0,0
2016-02-22,20:55:00,15.172,15.173,15.165,15.17,0,0
2016-02-22,21:00:00,15.169,15.171,15.169,15.17,0,0
2016-02-22,21:05:00,15.17,15.17,15.16,15.17,0,0
2016-02-22,21:10:00,15.18,15.18,15.17,15.18,0,0
2016-02-22,21:15:00,15.17,15.18,15.17,15.17,0,0
2016-02-22,21:20:00,15.17,15.18,15.17,15.18,0,0
2016-02-22,21:25:00,15.17,15.173,15.168,15.168,0,0
2016-02-22,21:30:00,15.17,15.17,15.168,15.168,0,0
2016-02-22,21:35:00,15.168,15.174,15.16,15.17,0,0
2016-02-22,21:40:00,15.175,15.175,15.16,15.164,0,0
2016-02-22,21:45:00,15.164,15.17,15.16,15.16,0,0
2016-02-22,21:50:00,15.16,15.17,15.16,15.16,0,0
2016-02-22,21:55:00,15.165,15.17,15.158,15.16,0,0
2016-02-22,22:00:00,15.165,15.165,15.163,15.164,0,0
2016-02-22,22:05:00,15.164,15.17,15.16,15.16,0,0
2016-02-22,22:10:00,15.16,15.164,15.16,15.164,0,0
2016-02-22,22:15:00,15.164,15.17,15.16,15.17,0,0
2016-02-22,22:20:00,15.168,15.185,15.168,15.185,0,0
2016-02-22,22:25:00,15.185,15.19,15.18,15.19,0,0
2016-02-22,22:30:00,15.188,15.19,15.18,15.182,0,0
2016-02-22,22:35:00,15.19,15.19,15.18,15.18,0,0
2016-02-22,22:40:00,15.18,15.19,15.18,15.19,0,0
2016-02-22,22:45:00,15.187,15.19,15.18,15.182,0,0
2016-02-22,22:50:00,15.182,15.19,15.18,15.18,0,0
2016-02-22,22:55:00,15.19,15.19,15.18,15.19,0,0
2016-02-22,23:00:00,15.19,15.192,15.18,15.18,0,0
2016-02-22,23:05:00,15.18,15.18,15.18,15.18,0,0
2016-02-23,01:35:00,15.19,15.2,15.19,15.2,0,0
2016-02-23,01:40:00,15.199,15.2,15.19,15.199,0,0
2016-02-23,01:45:00,15.199,15.2,15.198,15.2,0,0
2016-02-23,01:50:00,15.198,15.213,15.198,15.21,0,0
2016-02-23,01:55:00,15.207,15.23,15.2,15.22,0,0
2016-02-23,02:00:00,15.22,15.22,15.207,15.21,0,0
2016-02-23,02:05:00,15.21,15.22,15.207,15.21,0,0
2016-02-23,02:10:00,15.21,15.23,15.21,15.21,0,0
2016-02-23,02:15:00,15.21,15.22,15.207,15.22,0,0
2016-02-23,02:20:00,15.21,15.23,15.21,15.23,0,0
2016-02-23,02:25:00,15.22,15.223,15.217,15.22,0,0
2016-02-23,02:30:00,15.22,15.22,15.2,15.2,0,0
2016-02-23,02:35:00,15.2,15.206,15.195,15.2,0,0
2016-02-23,02:40:00,15.2,15.21,15.2,15.21,0,0
2016-02-23,02:45:00,15.22,15.223,15.218,15.22,0,0
2016-02-23,02:50:00,15.23,15.23,15.22,15.23,0,0
2016-02-23,02:55:00,15.23,15.24,15.225,15.24,0,0
2016-02-23,03:00:00,15.24,15.243,15.23,15.23,0,0
2016-02-23,03:05:00,15.24,15.24,15.227,15.23,0,0
2016-02-23,03:10:00,15.228,15.23,15.22,15.22,0,0
2016-02-23,03:15:00,15.23,15.23,15.22,15.22,0,0
2016-02-23,03:20:00,15.22,15.24,15.22,15.23,0,0
2016-02-23,03:25:00,15.24,15.242,15.23,15.24,0,0
2016-02-23,03:30:00,15.25,15.25,15.24,15.25,0,0
2016-02-23,03:35:00,15.25,15.253,15.24,15.253,0,0
2016-02-23,03:40:00,15.25,15.252,15.24,15.25,0,0
2016-02-23,03:45:00,15.249,15.251,15.24,15.25,0,0
2016-02-23,03:50:00,15.25,15.25,15.24,15.24,0,0
2016-02-23,03:55:00,15.24,15.243,15.23,15.23,0,0
2016-02-23,04:00:00,15.23,15.24,15.23,15.23,0,0
2016-02-23,04:05:00,15.23,15.24,15.23,15.24,0,0
2016-02-23,04:10:00,15.24,15.25,15.237,15.24,0,0
2016-02-23,04:15:00,15.239,15.241,15.235,15.24,0,0
2016-02-23,04:20:00,15.24,15.26,15.24,15.26,0,0
2016-02-23,04:25:00,15.26,15.26,15.25,15.26,0,0
2016-02-23,04:30:00,15.258,15.26,15.25,15.25,0,0
2016-02-23,04:35:00,15.26,15.29,15.26,15.28,0,0
2016-02-23,04:40:00,15.28,15.28,15.27,15.27,0,0
2016-02-23,04:45:00,15.27,15.29,15.27,15.29,0,0
2016-02-23,04:50:00,15.29,15.29,15.27,15.27,0,0
2016-02-23,04:55:00,15.27,15.28,15.268,15.28,0,0
2016-02-23,05:00:00,15.284,15.284,15.28,15.28,0,0
2016-02-23,05:05:00,15.28,15.29,15.28,15.284,0,0
2016-02-23,05:10:00,15.28,15.28,15.26,15.27,0,0
2016-02-23,05:15:00,15.27,15.29,15.27,15.28,0,0
2016-02-23,05:20:00,15.29,15.29,15.279,15.29,0,0
2016-02-23,05:25:00,15.29,15.31,15.288,15.31,0,0
2016-02-23,05:30:00,15.31,15.31,15.29,15.294,0,0
2016-02-23,05:35:00,15.294,15.3,15.29,15.3,0,0
2016-02-23,05:40:00,15.3,15.3,15.28,15.29,0,0
2016-02-23,05:45:00,15.29,15.29,15.28,15.28,0,0
2016-02-23,05:50:00,15.282,15.285,15.279,15.28,0,0
2016-02-23,05:55:00,15.28,15.286,15.28,15.28,0,0
2016-02-23,06:00:00,15.29,15.29,15.28,15.28,0,0
2016-02-23,06:05:00,15.284,15.29,15.28,15.28,0,0
2016-02-23,06:10:00,15.28,15.295,15.28,15.29,0,0
2016-02-23,06:15:00,15.293,15.3,15.29,15.292,0,0
2016-02-23,06:20:00,15.292,15.293,15.29,15.29,0,0
2016-02-23,06:25:00,15.29,15.293,15.289,15.29,0,0
2016-02-23,06:30:00,15.291,15.292,15.28,15.29,0,0
2016-02-23,06:35:00,15.29,15.29,15.25,15.26,0,0
2016-02-23,06:40:00,15.263,15.263,15.258,15.258,0,0
2016-02-23,06:45:00,15.26,15.26,15.249,15.25,0,0
2016-02-23,06:50:00,15.25,15.252,15.235,15.25,0,0
2016-02-23,06:55:00,15.25,15.251,15.24,15.24,0,0
2016-02-23,07:00:00,15.24,15.25,15.235,15.24,0,0
2016-02-23,07:05:00,15.241,15.241,15.23,15.23,0,0
2016-02-23,07:10:00,15.236,15.24,15.23,15.24,0,0
2016-02-23,07:15:00,15.24,15.24,15.22,15.23,0,0
2016-02-23,07:20:00,15.23,15.235,15.23,15.23,0,0
2016-02-23,07:25:00,15.231,15.232,15.22,15.23,0,0
2016-02-23,07:30:00,15.23,15.241,15.23,15.24,0,0
2016-02-23,07:35:00,15.245,15.245,15.24,15.24,0,0
2016-02-23,07:40:00,15.242,15.25,15.24,15.25,0,0
2016-02-23,07:45:00,15.24,15.25,15.24,15.24,0,0
2016-02-23,07:50:00,15.24,15.25,15.23,15.235,0,0
2016-02-23,07:55:00,15.234,15.242,15.23,15.24,0,0
2016-02-23,08:00:00,15.238,15.24,15.223,15.24,0,0
2016-02-23,08:05:00,15.24,15.24,15.23,15.23,0,0
2016-02-23,08:10:00,15.23,15.25,15.23,15.25,0,0
2016-02-23,08:15:00,15.25,15.26,15.25,15.25,0,0
2016-02-23,08:20:00,15.26,15.27,15.26,15.26,0,0
2016-02-23,08:25:00,15.255,15.28,15.255,15.27,0,0
2016-02-23,08:30:00,15.27,15.28,15.26,15.26,0,0
2016-02-23,08:35:00,15.26,15.26,15.23,15.24,0,0
2016-02-23,08:40:00,15.237,15.24,15.19,15.19,0,0
2016-02-23,08:45:00,15.19,15.2,15.19,15.199,0,0
2016-02-23,08:50:00,15.2,15.21,15.19,15.21,0,0
2016-02-23,08:55:00,15.2,15.21,15.18,15.18,0,0
2016-02-23,09:00:00,15.19,15.23,15.19,15.23,0,0
2016-02-23,09:05:00,15.23,15.24,15.23,15.24,0,0
2016-02-23,09:10:00,15.24,15.26,15.239,15.25,0,0
2016-02-23,09:15:00,15.25,15.26,15.24,15.25,0,0
2016-02-23,09:20:00,15.25,15.25,15.2,15.22,0,0
2016-02-23,09:25:00,15.214,15.221,15.2,15.21,0,0
2016-02-23,09:30:00,15.21,15.223,15.209,15.22,0,0
2016-02-23,09:35:00,15.22,15.23,15.21,15.23,0,0
2016-02-23,09:40:00,15.22,15.24,15.213,15.24,0,0
2016-02-23,09:45:00,15.24,15.24,15.21,15.216,0,0
2016-02-23,09:50:00,15.22,15.23,15.21,15.21,0,0
2016-02-23,09:55:00,15.21,15.21,15.195,15.21,0,0
2016-02-23,10:00:00,15.2,15.21,15.185,15.2,0,0
2016-02-23,10:05:00,15.21,15.222,15.205,15.21,0,0
2016-02-23,10:10:00,15.21,15.215,15.185,15.2,0,0
2016-02-23,10:15:00,15.2,15.22,15.2,15.22,0,0
2016-02-23,10:20:00,15.22,15.22,15.195,15.22,0,0
2016-02-23,10:25:00,15.217,15.23,15.215,15.22,0,0
2016-02-23,10:30:00,15.22,15.23,15.22,15.23,0,0
2016-02-23,10:35:00,15.224,15.23,15.219,15.22,0,0
2016-02-23,10:40:00,15.22,15.23,15.22,15.22,0,0
2016-02-23,10:45:00,15.22,15.24,15.22,15.24,0,0
2016-02-23,10:50:00,15.236,15.24,15.229,15.23,0,0
2016-02-23,10:55:00,15.23,15.24,15.23,15.24,0,0
2016-02-23,11:00:00,15.234,15.25,15.23,15.25,0,0
2016-02-23,11:05:00,15.24,15.24,15.23,15.233,0,0
2016-02-23,11:10:00,15.233,15.24,15.22,15.23,0,0
2016-02-23,11:15:00,15.23,15.236,15.23,15.23,0,0
2016-02-23,11:20:00,15.233,15.24,15.23,15.23,0,0
2016-02-23,11:25:00,15.24,15.24,15.23,15.24,0,0
2016-02-23,11:30:00,15.24,15.24,15.23,15.235,0,0
2016-02-23,11:35:00,15.235,15.24,15.23,15.23,0,0
2016-02-23,11:40:00,15.24,15.24,15.23,15.24,0,0
2016-02-23,11:45:00,15.242,15.26,15.24,15.25,0,0
2016-02-23,11:50:00,15.24,15.24,15.23,15.24,0,0
2016-02-23,11:55:00,15.237,15.24,15.23,15.23,0,0
2016-02-23,12:00:00,15.23,15.242,15.23,15.23,0,0
2016-02-23,12:05:00,15.226,15.23,15.22,15.23,0,0
2016-02-23,12:10:00,15.23,15.23,15.2,15.21,0,0
2016-02-23,12:15:00,15.21,15.22,15.21,15.21,0,0
2016-02-23,12:20:00,15.21,15.22,15.2,15.21,0,0
2016-02-23,12:25:00,15.2,15.22,15.2,15.21,0,0
2016-02-23,12:30:00,15.214,15.215,15.21,15.21,0,0
2016-02-23,12:35:00,15.214,15.22,15.2,15.21,0,0
2016-02-23,12:40:00,15.21,15.211,15.209,15.21,0,0
2016-02-23,12:45:00,15.215,15.22,15.21,15.21,0,0
2016-02-23,12:50:00,15.21,15.22,15.21,15.22,0,0
2016-02-23,12:55:00,15.22,15.22,15.21,15.21,0,0
2016-02-23,13:00:00,15.21,15.22,15.205,15.21,0,0
2016-02-23,13:05:00,15.22,15.22,15.18,15.19,0,0
2016-02-23,13:10:00,15.2,15.2,15.19,15.2,0,0
2016-02-23,13:15:00,15.201,15.21,15.198,15.21,0,0
2016-02-23,13:20:00,15.2,15.21,15.2,15.21,0,0
2016-02-23,13:25:00,15.21,15.23,15.203,15.23,0,0
2016-02-23,13:30:00,15.23,15.23,15.209,15.21,0,0
2016-02-23,13:35:00,15.22,15.23,15.205,15.21,0,0
2016-02-23,13:40:00,15.21,15.22,15.2,15.2,0,0
2016-02-23,13:45:00,15.2,15.21,15.18,15.19,0,0
2016-02-23,13:50:00,15.19,15.19,15.172,15.19,0,0
2016-02-23,13:55:00,15.19,15.19,15.188,15.19,0,0
2016-02-23,14:00:00,15.19,15.2,15.188,15.2,0,0
2016-02-23,14:05:00,15.19,15.21,15.19,15.21,0,0
2016-02-23,14:10:00,15.22,15.22,15.2,15.2,0,0
2016-02-23,14:15:00,15.2,15.21,15.2,15.2,0,0
2016-02-23,14:20:00,15.21,15.21,15.19,15.2,0,0
2016-02-23,14:25:00,15.2,15.24,15.2,15.24,0,0
2016-02-23,14:30:00,15.24,15.27,15.23,15.23,0,0
2016-02-23,14:35:00,15.23,15.25,15.23,15.25,0,0
2016-02-23,14:40:00,15.25,15.27,15.24,15.25,0,0
2016-02-23,14:45:00,15.26,15.26,15.25,15.25,0,0
2016-02-23,14:50:00,15.25,15.26,15.24,15.25,0,0
2016-02-23,14:55:00,15.25,15.26,15.23,15.24,0,0
2016-02-23,15:00:00,15.23,15.23,15.19,15.21,0,0
2016-02-23,15:05:00,15.21,15.22,15.21,15.22,0,0
2016-02-23,15:10:00,15.22,15.22,15.2,15.22,0,0
2016-02-23,15:15:00,15.22,15.24,15.21,15.24,0,0
2016-02-23,15:20:00,15.245,15.25,15.24,15.25,0,0
2016-02-23,15:25:00,15.25,15.25,15.24,15.24,0,0
2016-02-23,15:30:00,15.24,15.25,15.23,15.23,0,0
2016-02-23,15:35:00,15.22,15.25,15.22,15.23,0,0
2016-02-23,15:40:00,15.23,15.25,15.22,15.24,0,0
2016-02-23,15:45:00,15.25,15.26,15.24,15.25,0,0
2016-02-23,15:50:00,15.25,15.27,15.25,15.27,0,0
2016-02-23,15:55:00,15.27,15.27,15.25,15.27,0,0
2016-02-23,16:00:00,15.27,15.29,15.26,15.28,0,0
2016-02-23,16:05:00,15.283,15.29,15.27,15.27,0,0
2016-02-23,16:10:00,15.28,15.3,15.28,15.3,0,0
2016-02-23,16:15:00,15.3,15.3,15.27,15.28,0,0
2016-02-23,16:20:00,15.28,15.29,15.27,15.28,0,0
2016-02-23,16:25:00,15.27,15.3,15.27,15.29,0,0
2016-02-23,16:30:00,15.28,15.29,15.27,15.27,0,0
2016-02-23,16:35:00,15.27,15.29,15.27,15.28,0,0
2016-02-23,16:40:00,15.28,15.29,15.276,15.28,0,0
2016-02-23,16:45:00,15.29,15.29,15.27,15.27,0,0
2016-02-23,16:50:00,15.28,15.3,15.28,15.29,0,0
2016-02-23,16:55:00,15.29,15.31,15.285,15.3,0,0
2016-02-23,17:00:00,15.31,15.31,15.28,15.28,0,0
2016-02-23,17:05:00,15.29,15.3,15.275,15.29,0,0
2016-02-23,17:10:00,15.29,15.3,15.29,15.3,0,0
2016-02-23,17:15:00,15.285,15.3,15.28,15.28,0,0
2016-02-23,17:20:00,15.27,15.29,15.27,15.29,0,0
2016-02-23,17:25:00,15.28,15.302,15.28,15.29,0,0
2016-02-23,17:30:00,15.3,15.3,15.29,15.29,0,0
2016-02-23,17:35:00,15.28,15.293,15.28,15.29,0,0
2016-02-23,17:40:00,15.289,15.3,15.28,15.29,0,0
2016-02-23,17:45:00,15.29,15.291,15.26,15.27,0,0
2016-02-23,17:50:00,15.27,15.285,15.26,15.28,0,0
2016-02-23,17:55:00,15.29,15.3,15.28,15.3,0,0
2016-02-23,18:00:00,15.3,15.3,15.28,15.3,0,0
2016-02-23,18:05:00,15.3,15.303,15.29,15.29,0,0
2016-02-23,18:10:00,15.29,15.294,15.26,15.26,0,0
2016-02-23,18:15:00,15.263,15.274,15.26,15.27,0,0
2016-02-23,18:20:00,15.26,15.26,15.25,15.25,0,0
2016-02-23,18:25:00,15.26,15.27,15.26,15.26,0,0
2016-02-23,18:30:00,15.26,15.262,15.25,15.26,0,0
2016-02-23,18:35:00,15.26,15.28,15.26,15.27,0,0
2016-02-23,18:40:00,15.272,15.272,15.26,15.26,0,0
2016-02-23,18:45:00,15.267,15.267,15.25,15.26,0,0
2016-02-23,18:50:00,15.25,15.26,15.23,15.25,0,0
2016-02-23,18:55:00,15.25,15.25,15.24,15.24,0,0
2016-02-23,19:00:00,15.24,15.243,15.23,15.24,0,0
2016-02-23,19:05:00,15.25,15.26,15.24,15.25,0,0
2016-02-23,19:10:00,15.25,15.26,15.246,15.25,0,0
2016-02-23,19:15:00,15.247,15.26,15.246,15.25,0,0
2016-02-23,19:20:00,15.25,15.25,15.24,15.25,0,0
2016-02-23,19:25:00,15.24,15.25,15.23,15.23,0,0
2016-02-23,19:30:00,15.23,15.24,15.23,15.24,0,0
2016-02-23,19:35:00,15.23,15.24,15.228,15.23,0,0
2016-02-23,19:40:00,15.23,15.231,15.22,15.227,0,0
2016-02-23,19:45:00,15.23,15.241,15.226,15.24,0,0
2016-02-23,19:50:00,15.24,15.25,15.24,15.24,0,0
2016-02-23,19:55:00,15.24,15.25,15.24,15.243,0,0
2016-02-23,20:00:00,15.243,15.243,15.23,15.236,0,0
2016-02-23,20:05:00,15.236,15.24,15.23,15.24,0,0
2016-02-23,20:10:00,15.24,15.24,15.237,15.24,0,0
2016-02-23,20:15:00,15.235,15.24,15.234,15.24,0,0
2016-02-23,20:20:00,15.23,15.24,15.23,15.23,0,0
2016-02-23,20:25:00,15.24,15.242,15.23,15.24,0,0
2016-02-23,20:30:00,15.23,15.244,15.23,15.24,0,0
2016-02-23,20:35:00,15.24,15.24,15.23,15.23,0,0
2016-02-23,20:40:00,15.23,15.24,15.22,15.24,0,0
2016-02-23,20:45:00,15.24,15.24,15.23,15.235,0,0
2016-02-23,20:50:00,15.235,15.24,15.23,15.24,0,0
2016-02-23,20:55:00,15.239,15.24,15.235,15.24,0,0
2016-02-23,21:00:00,15.241,15.242,15.24,15.24,0,0
2016-02-23,21:05:00,15.24,15.252,15.24,15.25,0,0
2016-02-23,21:10:00,15.25,15.26,15.24,15.24,0,0
2016-02-23,21:15:00,15.24,15.26,15.235,15.26,0,0
2016-02-23,21:20:00,15.25,15.26,15.25,15.26,0,0
2016-02-23,21:25:00,15.26,15.26,15.256,15.26,0,0
2016-02-23,21:30:00,15.27,15.27,15.259,15.26,0,0
2016-02-23,21:35:00,15.26,15.27,15.25,15.26,0,0
2016-02-23,21:40:00,15.25,15.26,15.25,15.254,0,0
2016-02-23,21:45:00,15.254,15.26,15.245,15.25,0,0
2016-02-23,21:50:00,15.245,15.26,15.24,15.26,0,0
2016-02-23,21:55:00,15.259,15.262,15.254,15.262,0,0
2016-02-23,22:00:00,15.26,15.271,15.26,15.27,0,0
2016-02-23,22:05:00,15.26,15.27,15.26,15.26,0,0
2016-02-23,22:10:00,15.27,15.27,15.265,15.27,0,0
2016-02-23,22:15:00,15.26,15.281,15.26,15.275,0,0
2016-02-23,22:20:00,15.275,15.29,15.27,15.277,0,0
2016-02-23,22:25:00,15.277,15.29,15.26,15.29,0,0
2016-02-23,22:30:00,15.29,15.291,15.28,15.28,0,0
2016-02-23,22:35:00,15.277,15.31,15.277,15.3,0,0
2016-02-23,22:40:00,15.301,15.31,15.296,15.3,0,0
2016-02-23,22:45:00,15.3,15.3,15.29,15.3,0,0
2016-02-23,22:50:00,15.31,15.311,15.303,15.31,0,0
2016-02-23,22:55:00,15.31,15.31,15.3,15.3,0,0
2016-02-23,23:00:00,15.299,15.31,15.29,15.29,0,0
2016-02-23,23:05:00,15.29,15.29,15.29,15.29,0,0
2016-02-24,01:35:00,15.32,15.33,15.32,15.33,0,0
2016-02-24,01:40:00,15.331,15.331,15.32,15.32,0,0
2016-02-24,01:45:00,15.33,15.33,15.32,15.33,0,0
2016-02-24,01:50:00,15.33,15.33,15.31,15.32,0,0
2016-02-24,01:55:00,15.31,15.33,15.31,15.324,0,0
2016-02-24,02:00:00,15.324,15.33,15.32,15.32,0,0
2016-02-24,02:05:00,15.319,15.33,15.315,15.32,0,0
2016-02-24,02:10:00,15.31,15.32,15.31,15.31,0,0
2016-02-24,02:15:00,15.3,15.31,15.293,15.3,0,0
2016-02-24,02:20:00,15.29,15.3,15.279,15.28,0,0
2016-02-24,02:25:00,15.281,15.29,15.273,15.29,0,0
2016-02-24,02:30:00,15.29,15.291,15.288,15.29,0,0
2016-02-24,02:35:00,15.287,15.291,15.287,15.289,0,0
2016-02-24,02:40:00,15.289,15.29,15.28,15.28,0,0
2016-02-24,02:45:00,15.274,15.28,15.27,15.27,0,0
2016-02-24,02:50:00,15.27,15.28,15.27,15.27,0,0
2016-02-24,02:55:00,15.269,15.28,15.268,15.28,0,0
2016-02-24,03:00:00,15.28,15.28,15.269,15.27,0,0
2016-02-24,03:05:00,15.27,15.28,15.269,15.28,0,0
2016-02-24,03:10:00,15.28,15.29,15.27,15.29,0,0
2016-02-24,03:15:00,15.288,15.29,15.28,15.29,0,0
2016-02-24,03:20:00,15.29,15.3,15.289,15.3,0,0
2016-02-24,03:25:00,15.29,15.3,15.29,15.29,0,0
2016-02-24,03:30:00,15.29,15.292,15.28,15.29,0,0
2016-02-24,03:35:00,15.28,15.291,15.28,15.29,0,0
2016-02-24,03:40:00,15.289,15.29,15.28,15.29,0,0
2016-02-24,03:45:00,15.28,15.29,15.28,15.29,0,0
2016-02-24,03:50:00,15.287,15.29,15.28,15.28,0,0
2016-02-24,03:55:00,15.278,15.29,15.278,15.28,0,0
2016-02-24,04:00:00,15.29,15.29,15.28,15.28,0,0
2016-02-24,04:05:00,15.283,15.285,15.28,15.28,0,0
2016-02-24,04:10:00,15.285,15.285,15.279,15.284,0,0
2016-02-24,04:15:00,15.284,15.29,15.28,15.28,0,0
2016-02-24,04:20:00,15.29,15.29,15.28,15.284,0,0
2016-02-24,04:25:00,15.28,15.29,15.28,15.29,0,0
2016-02-24,04:30:00,15.29,15.3,15.286,15.29,0,0
2016-02-24,04:35:00,15.29,15.3,15.29,15.3,0,0
2016-02-24,04:40:00,15.3,15.3,15.28,15.29,0,0
2016-02-24,04:45:00,15.29,15.29,15.27,15.27,0,0
2016-02-24,04:50:00,15.26,15.28,15.26,15.28,0,0
2016-02-24,04:55:00,15.28,15.28,15.268,15.28,0,0
2016-02-24,05:00:00,15.28,15.28,15.27,15.28,0,0
2016-02-24,05:05:00,15.27,15.29,15.27,15.29,0,0
2016-02-24,05:10:00,15.29,15.29,15.28,15.29,0,0
2016-02-24,05:15:00,15.29,15.3,15.288,15.29,0,0
2016-02-24,05:20:00,15.29,15.3,15.29,15.29,0,0
2016-02-24,05:25:00,15.289,15.3,15.28,15.29,0,0
2016-02-24,05:30:00,15.28,15.29,15.28,15.29,0,0
2016-02-24,05:35:00,15.291,15.291,15.287,15.291,0,0
2016-02-24,05:40:00,15.29,15.3,15.289,15.29,0,0
2016-02-24,05:45:00,15.29,15.3,15.28,15.28,0,0
2016-02-24,05:50:00,15.29,15.29,15.279,15.28,0,0
2016-02-24,05:55:00,15.282,15.29,15.279,15.28,0,0
2016-02-24,06:00:00,15.28,15.29,15.279,15.29,0,0
2016-02-24,06:05:00,15.287,15.29,15.28,15.29,0,0
2016-02-24,06:10:00,15.285,15.29,15.28,15.29,0,0
2016-02-24,06:15:00,15.286,15.29,15.285,15.285,0,0
2016-02-24,06:20:00,15.29,15.291,15.286,15.29,0,0
2016-02-24,06:25:00,15.289,15.29,15.285,15.29,0,0
2016-02-24,06:30:00,15.287,15.29,15.284,15.286,0,0
2016-02-24,06:35:00,15.29,15.29,15.28,15.28,0,0
2016-02-24,06:40:00,15.29,15.29,15.28,15.29,0,0
2016-02-24,06:45:00,15.29,15.29,15.28,15.29,0,0
2016-02-24,06:50:00,15.29,15.291,15.287,15.29,0,0
2016-02-24,06:55:00,15.29,15.291,15.288,15.29,0,0
2016-02-24,07:00:00,15.29,15.291,15.285,15.29,0,0
2016-02-24,07:05:00,15.28,15.28,15.265,15.27,0,0
2016-02-24,07:10:00,15.27,15.28,15.265,15.28,0,0
2016-02-24,07:15:00,15.28,15.282,15.275,15.28,0,0
2016-02-24,07:20:00,15.277,15.28,15.27,15.275,0,0
2016-02-24,07:25:00,15.276,15.276,15.26,15.27,0,0
2016-02-24,07:30:00,15.27,15.27,15.26,15.267,0,0
2016-02-24,07:35:00,15.267,15.27,15.26,15.26,0,0
2016-02-24,07:40:00,15.265,15.265,15.26,15.26,0,0
2016-02-24,07:45:00,15.264,15.27,15.26,15.27,0,0
2016-02-24,07:50:00,15.27,15.27,15.256,15.26,0,0
2016-02-24,07:55:00,15.26,15.26,15.249,15.25,0,0
2016-02-24,08:00:00,15.25,15.255,15.24,15.24,0,0
2016-02-24,08:05:00,15.239,15.25,15.23,15.25,0,0
2016-02-24,08:10:00,15.25,15.26,15.25,15.25,0,0
2016-02-24,08:15:00,15.26,15.26,15.23,15.23,0,0
2016-02-24,08:20:00,15.23,15.23,15.22,15.22,0,0
2016-02-24,08:25:00,15.22,15.23,15.22,15.23,0,0
2016-02-24,08:30:00,15.22,15.23,15.22,15.22,0,0
2016-02-24,08:35:00,15.22,15.23,15.22,15.22,0,0
2016-02-24,08:40:00,15.21,15.21,15.2,15.2,0,0
2016-02-24,08:45:00,15.21,15.211,15.19,15.2,0,0
2016-02-24,08:50:00,15.19,15.22,15.18,15.22,0,0
2016-02-24,08:55:00,15.22,15.23,15.219,15.23,0,0
2016-02-24,09:00:00,15.23,15.23,15.2,15.2,0,0
2016-02-24,09:05:00,15.21,15.22,15.21,15.21,0,0
2016-02-24,09:10:00,15.209,15.231,15.2,15.22,0,0
2016-02-24,09:15:00,15.22,15.23,15.22,15.23,0,0
2016-02-24,09:20:00,15.23,15.23,15.22,15.22,0,0
2016-02-24,09:25:00,15.22,15.235,15.22,15.22,0,0
2016-02-24,09:30:00,15.21,15.22,15.21,15.22,0,0
2016-02-24,09:35:00,15.23,15.24,15.22,15.24,0,0
2016-02-24,09:40:00,15.24,15.25,15.23,15.23,0,0
2016-02-24,09:45:00,15.24,15.24,15.228,15.23,0,0
2016-02-24,09:50:00,15.234,15.235,15.21,15.21,0,0
2016-02-24,09:55:00,15.21,15.22,15.2,15.21,0,0
2016-02-24,10:00:00,15.21,15.23,15.21,15.22,0,0
2016-02-24,10:05:00,15.22,15.222,15.21,15.22,0,0
2016-02-24,10:10:00,15.23,15.23,15.21,15.21,0,0
2016-02-24,10:15:00,15.207,15.22,15.2,15.21,0,0
2016-02-24,10:20:00,15.2,15.22,15.2,15.22,0,0
2016-02-24,10:25:00,15.223,15.24,15.22,15.23,0,0
2016-02-24,10:30:00,15.23,15.25,15.23,15.23,0,0
2016-02-24,10:35:00,15.23,15.24,15.23,15.23,0,0
2016-02-24,10:40:00,15.23,15.245,15.23,15.24,0,0
2016-02-24,10:45:00,15.24,15.24,15.23,15.23,0,0
2016-02-24,10:50:00,15.24,15.25,15.23,15.25,0,0
2016-02-24,10:55:00,15.25,15.25,15.23,15.24,0,0
2016-02-24,11:00:00,15.242,15.25,15.23,15.24,0,0
2016-02-24,11:05:00,15.23,15.26,15.23,15.26,0,0
2016-02-24,11:10:00,15.25,15.27,15.25,15.27,0,0
2016-02-24,11:15:00,15.27,15.3,15.265,15.3,0,0
2016-02-24,11:20:00,15.29,15.3,15.29,15.3,0,0
2016-02-24,11:25:00,15.298,15.31,15.297,15.31,0,0
2016-02-24,11:30:00,15.307,15.31,15.3,15.301,0,0
2016-02-24,11:35:00,15.303,15.31,15.3,15.3,0,0
2016-02-24,11:40:00,15.31,15.34,15.31,15.34,0,0
2016-02-24,11:45:00,15.33,15.35,15.33,15.34,0,0
2016-02-24,11:50:00,15.338,15.35,15.33,15.35,0,0
2016-02-24,11:55:00,15.349,15.37,15.349,15.37,0,0
2016-02-24,12:00:00,15.36,15.37,15.36,15.37,0,0
2016-02-24,12:05:00,15.38,15.38,15.355,15.36,0,0
2016-02-24,12:10:00,15.357,15.36,15.349,15.349,0,0
2016-02-24,12:15:00,15.349,15.35,15.33,15.34,0,0
2016-02-24,12:20:00,15.35,15.39,15.34,15.39,0,0
2016-02-24,12:25:00,15.387,15.39,15.37,15.38,0,0
2016-02-24,12:30:00,15.38,15.38,15.36,15.36,0,0
2016-02-24,12:35:00,15.359,15.359,15.346,15.35,0,0
2016-02-24,12:40:00,15.345,15.35,15.337,15.34,0,0
2016-02-24,12:45:00,15.35,15.36,15.34,15.36,0,0
2016-02-24,12:50:00,15.37,15.37,15.346,15.36,0,0
2016-02-24,12:55:00,15.361,15.361,15.35,15.35,0,0
2016-02-24,13:00:00,15.347,15.37,15.345,15.36,0,0
2016-02-24,13:05:00,15.35,15.35,15.33,15.34,0,0
2016-02-24,13:10:00,15.34,15.343,15.33,15.34,0,0
2016-02-24,13:15:00,15.35,15.351,15.34,15.35,0,0
2016-02-24,13:20:00,15.352,15.352,15.35,15.35,0,0
2016-02-24,13:25:00,15.34,15.35,15.34,15.35,0,0
2016-02-24,13:30:00,15.35,15.35,15.34,15.34,0,0
2016-02-24,13:35:00,15.344,15.35,15.34,15.34,0,0
2016-02-24,13:40:00,15.336,15.342,15.33,15.33,0,0
2016-02-24,13:45:00,15.34,15.342,15.33,15.34,0,0
2016-02-24,13:50:00,15.341,15.35,15.34,15.35,0,0
2016-02-24,13:55:00,15.34,15.342,15.33,15.34,0,0
2016-02-24,14:00:00,15.33,15.345,15.33,15.345,0,0
2016-02-24,14:05:00,15.345,15.35,15.33,15.34,0,0
2016-02-24,14:10:00,15.341,15.35,15.32,15.33,0,0
2016-02-24,14:15:00,15.33,15.34,15.33,15.33,0,0
2016-02-24,14:20:00,15.34,15.34,15.32,15.33,0,0
2016-02-24,14:25:00,15.33,15.37,15.32,15.36,0,0
2016-02-24,14:30:00,15.36,15.37,15.35,15.37,0,0
2016-02-24,14:35:00,15.37,15.43,15.35,15.42,0,0
2016-02-24,14:40:00,15.43,15.47,15.43,15.44,0,0
2016-02-24,14:45:00,15.44,15.51,15.43,15.49,0,0
2016-02-24,14:50:00,15.49,15.52,15.47,15.5,0,0
2016-02-24,14:55:00,15.49,15.51,15.48,15.503,0,0
2016-02-24,15:00:00,15.503,15.51,15.48,15.49,0,0
2016-02-24,15:05:00,15.5,15.51,15.49,15.5,0,0
2016-02-24,15:10:00,15.49,15.51,15.49,15.5,0,0
2016-02-24,15:15:00,15.5,15.52,15.49,15.51,0,0
2016-02-24,15:20:00,15.51,15.51,15.48,15.48,0,0
2016-02-24,15:25:00,15.48,15.48,15.46,15.46,0,0
2016-02-24,15:30:00,15.45,15.47,15.45,15.46,0,0
2016-02-24,15:35:00,15.47,15.48,15.46,15.46,0,0
2016-02-24,15:40:00,15.46,15.49,15.46,15.46,0,0
2016-02-24,15:45:00,15.46,15.461,15.449,15.45,0,0
2016-02-24,15:50:00,15.45,15.53,15.45,15.51,0,0
2016-02-24,15:55:00,15.52,15.58,15.52,15.54,0,0
2016-02-24,16:00:00,15.54,15.57,15.54,15.55,0,0
2016-02-24,16:05:00,15.55,15.58,15.54,15.55,0,0
2016-02-24,16:10:00,15.54,15.55,15.53,15.54,0,0
2016-02-24,16:15:00,15.53,15.54,15.52,15.53,0,0
2016-02-24,16:20:00,15.54,15.57,15.53,15.56,0,0
2016-02-24,16:25:00,15.56,15.58,15.56,15.57,0,0
2016-02-24,16:30:00,15.57,15.57,15.53,15.54,0,0
2016-02-24,16:35:00,15.54,15.57,15.53,15.56,0,0
2016-02-24,16:40:00,15.56,15.57,15.47,15.48,0,0
2016-02-24,16:45:00,15.49,15.51,15.48,15.5,0,0
2016-02-24,16:50:00,15.51,15.51,15.49,15.49,0,0
2016-02-24,16:55:00,15.49,15.51,15.48,15.5,0,0
2016-02-24,17:00:00,15.5,15.5,15.46,15.47,0,0
2016-02-24,17:05:00,15.47,15.48,15.41,15.43,0,0
2016-02-24,17:10:00,15.44,15.47,15.43,15.43,0,0
2016-02-24,17:15:00,15.43,15.44,15.42,15.43,0,0
2016-02-24,17:20:00,15.43,15.44,15.34,15.36,0,0
2016-02-24,17:25:00,15.37,15.42,15.37,15.37,0,0
2016-02-24,17:30:00,15.38,15.38,15.35,15.36,0,0
2016-02-24,17:35:00,15.36,15.4,15.36,15.38,0,0
2016-02-24,17:40:00,15.38,15.39,15.37,15.37,0,0
2016-02-24,17:45:00,15.38,15.38,15.36,15.36,0,0
2016-02-24,17:50:00,15.36,15.4,15.36,15.39,0,0
2016-02-24,17:55:00,15.391,15.391,15.37,15.39,0,0
2016-02-24,18:00:00,15.394,15.41,15.38,15.41,0,0
2016-02-24,18:05:00,15.4,15.4,15.37,15.38,0,0
2016-02-24,18:10:00,15.39,15.392,15.37,15.37,0,0
2016-02-24,18:15:00,15.38,15.4,15.37,15.4,0,0
2016-02-24,18:20:00,15.39,15.4,15.38,15.39,0,0
2016-02-24,18:25:00,15.39,15.39,15.36,15.39,0,0
2016-02-24,18:30:00,15.39,15.4,15.377,15.377,0,0
2016-02-24,18:35:00,15.37,15.39,15.37,15.38,0,0
2016-02-24,18:40:00,15.38,15.39,15.38,15.38,0,0
2016-02-24,18:45:00,15.37,15.38,15.35,15.35,0,0
2016-02-24,18:50:00,15.35,15.36,15.3,15.32,0,0
2016-02-24,18:55:00,15.32,15.32,15.28,15.29,0,0
2016-02-24,19:00:00,15.28,15.29,15.27,15.29,0,0
2016-02-24,19:05:00,15.292,15.292,15.289,15.29,0,0
2016-02-24,19:10:00,15.28,15.29,15.26,15.29,0,0
2016-02-24,19:15:00,15.28,15.31,15.28,15.3,0,0
2016-02-24,19:20:00,15.3,15.31,15.28,15.3,0,0
2016-02-24,19:25:00,15.29,15.31,15.28,15.29,0,0
2016-02-24,19:30:00,15.29,15.29,15.28,15.29,0,0
2016-02-24,19:35:00,15.289,15.31,15.289,15.3,0,0
2016-02-24,19:40:00,15.3,15.32,15.3,15.31,0,0
2016-02-24,19:45:00,15.31,15.31,15.29,15.3,0,0
2016-02-24,19:50:00,15.301,15.31,15.29,15.29,0,0
2016-02-24,19:55:00,15.29,15.3,15.289,15.29,0,0
2016-02-24,20:00:00,15.29,15.3,15.28,15.3,0,0
2016-02-24,20:05:00,15.29,15.3,15.28,15.3,0,0
2016-02-24,20:10:00,15.3,15.3,15.27,15.27,0,0
2016-02-24,20:15:00,15.28,15.29,15.27,15.27,0,0
2016-02-24,20:20:00,15.273,15.28,15.27,15.28,0,0
2016-02-24,20:25:00,15.27,15.27,15.26,15.27,0,0
2016-02-24,20:30:00,15.28,15.29,15.265,15.27,0,0
2016-02-24,20:35:00,15.27,15.27,15.26,15.26,0,0
2016-02-24,20:40:00,15.25,15.25,15.22,15.22,0,0
2016-02-24,20:45:00,15.21,15.21,15.18,15.19,0,0
2016-02-24,20:50:00,15.2,15.23,15.19,15.23,0,0
2016-02-24,20:55:00,15.22,15.221,15.2,15.2,0,0
2016-02-24,21:00:00,15.21,15.22,15.21,15.22,0,0
2016-02-24,21:05:00,15.218,15.24,15.218,15.24,0,0
2016-02-24,21:10:00,15.25,15.25,15.228,15.228,0,0
2016-02-24,21:15:00,15.23,15.24,15.22,15.22,0,0
2016-02-24,21:20:00,15.22,15.23,15.21,15.22,0,0
2016-02-24,21:25:00,15.21,15.24,15.21,15.23,0,0
2016-02-24,21:30:00,15.23,15.23,15.22,15.22,0,0
2016-02-24,21:35:00,15.22,15.24,15.22,15.24,0,0
2016-02-24,21:40:00,15.24,15.24,15.22,15.23,0,0
2016-02-24,21:45:00,15.22,15.23,15.22,15.23,0,0
2016-02-24,21:50:00,15.24,15.24,15.23,15.24,0,0
2016-02-24,21:55:00,15.24,15.243,15.238,15.24,0,0
2016-02-24,22:00:00,15.25,15.25,15.24,15.24,0,0
2016-02-24,22:05:00,15.24,15.25,15.23,15.23,0,0
2016-02-24,22:10:00,15.24,15.25,15.237,15.25,0,0
2016-02-24,22:15:00,15.25,15.252,15.24,15.25,0,0
2016-02-24,22:20:00,15.251,15.252,15.245,15.25,0,0
2016-02-24,22:25:00,15.253,15.253,15.249,15.25,0,0
2016-02-24,22:30:00,15.253,15.255,15.25,15.25,0,0
2016-02-24,22:35:00,15.257,15.26,15.25,15.251,0,0
2016-02-24,22:40:00,15.251,15.26,15.25,15.252,0,0
2016-02-24,22:45:00,15.252,15.252,15.245,15.25,0,0
2016-02-24,22:50:00,15.25,15.25,15.246,15.25,0,0
2016-02-24,22:55:00,15.25,15.25,15.246,15.25,0,0
2016-02-24,23:00:00,15.25,15.25,15.23,15.24,0,0
2016-02-24,23:05:00,15.23,15.23,15.23,15.23,0,0
